target,output,train_id,test_id
3,3,1,0
3,4,1,0
3,4,1,0
3,3,1,0
3,3,1,0
3,4,1,0
3,3,1,0
3,3,1,0
3,4,1,0
3,4,1,0
2,2,1,0
2,5,1,0
2,5,1,0
4,4,1,0
2,4,1,0
4,4,1,0
3,3,1,0
5,4,1,0
3,4,1,0
2,3,1,0
5,4,1,0
4,4,1,0
5,4,1,0
2,3,1,0
3,4,1,0
3,3,1,0
3,4,1,0
3,4,1,0
3,4,1,0
4,2,1,0
3,4,1,0
3,2,1,0
3,4,1,0
3,4,1,0
2,3,1,0
2,4,1,0
2,3,1,0
3,4,1,0
2,3,1,0
2,3,1,0
3,3,1,0
3,3,1,0
3,3,1,0
3,0,1,0
3,0,1,0
4,0,1,0
1,3,1,0
2,3,1,0
3,3,1,0
2,4,1,0
3,4,1,0
4,4,1,0
4,4,1,0
3,4,1,0
3,6,1,0
3,4,1,0
3,6,1,0
3,3,1,0
3,5,1,0
3,4,1,0
3,0,1,0
3,3,1,0
2,0,1,0
3,5,1,0
3,0,1,0
2,3,1,0
4,4,1,0
2,0,1,0
5,4,1,0
2,6,1,0
3,3,1,0
2,3,1,0
2,4,1,0
3,5,1,0
5,4,1,0
2,6,1,0
4,4,1,0
4,2,1,0
2,6,1,0
2,3,1,0
3,5,1,0
3,6,1,0
2,3,1,0
3,3,1,0
2,4,1,0
3,4,1,0
3,4,1,0
3,3,1,0
2,4,1,0
3,4,1,0
3,4,1,0
2,3,1,0
4,4,1,0
4,4,1,0
4,0,1,0
3,3,1,0
3,4,1,0
4,2,1,0
1,6,1,0
3,4,1,0
2,6,1,0
2,3,1,0
2,3,1,0
2,3,1,0
2,6,1,0
3,6,1,0
2,3,1,0
3,6,1,0
3,6,1,0
2,4,1,0
3,6,1,0
2,3,1,0
2,3,1,0
2,3,1,0
2,3,1,0
1,3,1,0
3,4,1,0
3,4,1,0
2,3,1,0
2,3,1,0
2,3,1,0
2,0,1,0
2,4,1,0
3,4,1,0
3,4,1,0
3,4,1,0
2,0,1,0
4,4,1,0
4,4,1,0
3,4,1,0
2,4,1,0
4,4,1,0
2,3,1,0
2,3,1,0
2,3,1,0
2,3,1,0
3,0,1,0
2,4,1,0
4,5,1,0
3,2,1,0
2,4,1,0
2,4,1,0
3,5,1,0
3,5,1,0
3,2,1,0
3,4,1,0
3,3,1,0
1,3,1,0
4,4,1,0
3,0,1,0
4,4,1,0
3,6,1,0
3,0,1,0
2,6,1,0
3,5,1,0
3,6,1,0
3,6,1,0
4,4,1,0
5,3,1,0
5,3,1,0
4,4,1,0
2,4,1,0
2,4,1,0
3,6,1,0
2,3,1,0
2,3,1,0
3,0,1,0
4,2,1,0
2,0,1,0
2,0,1,0
3,4,1,0
3,4,1,0
1,4,1,0
4,4,1,0
2,6,1,0
3,4,1,0
1,4,1,0
2,3,1,0
1,3,1,0
3,0,1,0
3,0,1,0
2,0,1,0
2,3,1,0
3,3,1,0
2,6,1,0
2,6,1,0
3,6,1,0
2,4,1,0
5,4,1,0
1,3,1,0
3,3,1,0
2,3,1,0
3,4,1,0
2,4,1,0
2,3,1,0
3,3,1,0
2,3,1,0
2,3,1,0
2,3,1,0
2,3,1,0
2,3,1,0
2,3,1,0
2,3,1,0
3,4,1,0
1,4,1,0
2,4,1,0
2,4,1,0
1,4,1,0
2,2,1,0
3,4,1,0
2,4,1,0
4,4,1,0
2,4,1,0
3,4,1,0
4,4,1,0
2,3,1,0
2,6,1,0
2,3,1,0
2,3,1,0
2,6,1,0
2,6,1,0
3,3,1,0
4,4,1,0
3,4,1,0
3,3,1,0
2,3,1,0
3,4,1,0
3,3,1,0
3,4,1,0
2,3,1,0
1,3,1,0
3,4,1,0
3,4,1,0
3,3,1,0
3,3,1,0
3,3,1,0
3,3,1,0
3,3,1,0
4,4,1,0
3,3,1,0
2,3,1,0
2,2,1,0
4,4,1,0
3,0,1,0
2,4,1,0
3,4,1,0
4,4,1,0
4,4,1,0
4,4,1,0
2,3,1,0
1,4,1,0
0,0,1,0
2,4,1,0
0,4,1,0
3,4,1,0
5,4,1,0
4,4,1,0
4,4,1,0
3,4,1,0
1,4,1,0
3,4,1,0
2,6,1,0
2,4,1,0
3,6,1,0
3,4,1,0
2,6,1,0
3,3,1,0
2,3,1,0
3,3,1,0
3,3,1,0
3,3,1,0
2,3,1,0
2,3,1,0
2,3,1,0
2,4,1,0
3,6,1,0
3,6,1,0
2,5,1,0
1,5,1,0
4,4,1,0
5,4,1,0
5,4,1,0
1,4,1,0
2,3,1,0
2,3,1,0
2,0,1,0
3,3,1,0
4,6,1,0
4,6,1,0
4,6,1,0
4,6,1,0
3,4,1,0
2,3,1,0
4,4,1,0
0,3,1,0
3,4,1,0
2,4,1,0
4,6,1,0
3,6,1,0
3,4,1,0
3,0,1,0
3,5,1,0
3,0,1,0
3,3,1,0
3,3,1,0
3,3,1,0
2,3,1,0
3,3,1,0
4,4,1,0
3,4,1,0
4,4,1,0
5,3,1,0
3,4,1,0
3,3,1,0
2,3,1,0
3,4,1,0
3,4,1,0
2,4,1,0
4,4,1,0
3,4,1,0
4,4,1,0
2,4,1,0
3,4,1,0
3,4,1,0
2,4,1,0
2,0,1,0
3,6,1,0
3,0,1,0
3,3,1,0
2,5,1,0
5,4,1,0
2,4,1,0
3,4,1,0
2,4,1,0
2,4,1,0
3,4,1,0
3,4,1,0
3,3,1,0
2,4,1,0
4,4,1,0
4,4,1,0
3,4,1,0
3,4,1,0
2,4,1,0
3,4,1,0
3,4,1,0
4,2,1,0
3,3,1,0
3,4,1,0
2,6,1,0
4,4,1,0
4,4,1,0
3,4,1,0
4,4,1,0
3,4,1,0
3,6,1,0
3,6,1,0
3,4,1,0
3,0,1,0
3,4,1,0
3,3,1,0
2,0,1,0
3,4,1,0
3,6,1,0
4,4,1,0
4,4,1,0
3,4,1,0
3,0,1,0
3,4,1,0
2,4,1,0
3,0,1,0
3,4,1,0
2,3,1,0
3,0,1,0
4,4,1,0
4,4,1,0
4,4,1,0
4,4,1,0
3,4,1,0
4,4,1,0
4,4,1,0
3,0,1,0
3,0,1,0
3,0,1,0
4,4,1,0
4,4,1,0
4,4,1,0
2,3,1,0
3,4,1,0
4,3,1,0
4,3,1,0
2,2,1,0
3,3,1,0
3,2,1,0
2,3,1,0
2,0,1,0
2,2,1,0
3,4,1,0
2,3,1,0
3,4,1,0
3,4,1,0
2,3,1,0
2,3,1,0
2,3,1,0
3,4,1,0
2,0,1,0
4,4,1,0
2,4,1,0
3,4,1,0
2,2,1,0
3,6,1,0
3,4,1,0
2,5,1,0
2,5,1,0
3,6,1,0
3,4,1,0
3,0,1,0
2,3,1,0
3,0,1,0
3,4,1,0
4,4,1,0
3,4,1,0
3,4,1,0
3,4,1,0
4,4,1,0
3,4,1,0
3,4,1,0
2,4,1,0
2,0,1,0
2,3,1,0
2,4,1,0
2,5,1,0
4,0,1,0
1,3,1,0
5,4,1,0
4,4,1,0
2,4,1,0
5,4,1,0
4,0,1,0
2,3,1,0
4,4,1,0
3,4,1,0
5,4,1,0
3,3,1,0
3,4,1,0
0,4,1,0
2,4,1,0
3,3,1,0
3,3,1,0
4,4,1,0
2,3,1,0
2,4,1,0
4,3,1,0
4,4,1,0
4,4,1,0
3,3,1,0
4,4,1,0
2,6,1,0
3,4,1,0
2,3,1,0
2,6,1,0
2,3,1,0
2,3,1,0
3,5,1,0
2,4,1,0
2,4,1,0
3,6,1,0
3,5,1,0
2,4,1,0
2,4,1,0
3,4,1,0
2,4,1,0
3,2,1,0
4,4,1,0
3,4,1,0
2,6,1,0
4,2,1,0
3,5,1,0
3,0,1,0
3,4,1,0
2,3,1,0
3,4,1,0
2,3,1,0
2,3,1,0
2,3,1,0
3,4,1,0
3,4,1,0
3,5,1,0
3,0,1,0
3,0,1,0
3,2,1,0
4,4,1,0
3,0,1,0
3,4,1,0
3,4,1,0
3,4,1,0
1,3,1,0
3,4,1,0
2,4,1,0
1,3,1,0
3,4,1,0
3,4,1,0
3,4,1,0
2,4,1,0
3,0,1,0
3,0,1,0
2,0,1,0
4,4,1,0
3,3,1,0
4,4,1,0
3,0,1,0
3,4,1,0
3,4,1,0
3,2,1,0
4,4,1,0
3,4,1,0
2,0,1,0
3,6,1,0
3,4,1,0
2,4,1,0
2,0,1,0
2,0,1,0
3,4,1,0
3,4,1,0
2,4,1,0
3,3,1,0
1,2,1,0
3,4,1,0
3,1,1,0
3,4,1,0
3,5,1,0
2,3,1,0
3,0,1,0
3,0,1,0
3,0,1,0
2,6,1,0
2,6,1,0
3,0,1,0
2,5,1,0
3,0,1,0
1,4,1,0
2,3,1,0
3,4,1,0
3,4,1,0
3,3,1,0
3,4,1,0
3,4,1,0
3,4,1,0
4,4,1,0
2,3,1,0
4,4,1,0
4,0,1,0
4,6,1,0
4,4,1,0
4,6,1,0
4,0,1,0
2,4,1,0
3,4,1,0
2,3,1,0
3,6,1,0
4,4,1,0
2,3,1,0
3,0,1,0
4,0,1,0
2,3,1,0
3,6,1,0
3,4,1,0
2,4,1,0
3,4,1,0
3,0,1,0
2,3,1,0
4,4,1,0
2,4,1,0
4,4,1,0
4,4,1,0
3,0,1,0
3,0,1,0
4,4,1,0
4,4,1,0
4,4,1,0
2,3,1,0
2,4,1,0
3,3,1,0
3,0,1,0
4,4,1,0
3,0,1,0
3,0,1,0
4,4,1,0
4,4,1,0
3,4,1,0
2,4,1,0
3,4,1,0
2,3,1,0
2,1,1,0
2,1,1,0
4,4,1,0
2,3,1,0
3,4,1,0
5,4,1,0
4,5,1,0
3,3,1,0
3,6,1,0
2,1,1,0
2,1,1,0
3,4,1,0
3,4,1,0
2,3,1,0
2,3,1,0
2,3,1,0
3,4,1,0
5,4,1,0
3,4,1,0
2,4,1,0
2,4,1,0
2,4,1,0
2,4,1,0
4,2,1,0
3,0,1,0
3,0,1,0
3,0,1,0
2,3,1,0
2,6,1,0
3,3,1,0
2,2,1,0
2,3,1,0
5,4,1,0
1,3,1,0
3,3,1,0
3,3,1,0
3,4,1,0
2,3,1,0
2,3,1,0
3,4,1,0
2,3,1,0
3,4,1,0
3,4,1,0
4,4,1,0
2,0,1,0
2,3,1,0
2,3,1,0
4,4,1,0
1,3,1,0
3,3,1,0
2,3,1,0
2,3,1,0
2,3,1,0
1,4,1,0
3,6,1,0
2,0,1,0
4,3,1,0
4,3,1,0
4,3,1,0
4,3,1,0
3,3,1,0
4,4,1,0
3,4,1,0
3,2,1,0
2,4,1,0
2,4,1,0
1,0,1,0
2,5,1,0
4,4,1,0
1,3,1,0
2,5,1,0
3,4,1,0
2,0,1,0
3,4,1,0
3,4,1,0
3,4,1,0
2,4,1,0
3,3,1,0
3,4,1,0
5,4,1,0
3,4,1,0
2,4,1,0
3,3,1,0
3,3,1,0
4,4,1,0
4,4,1,0
4,4,1,0
2,0,1,0
2,4,1,0
3,3,1,0
2,3,1,0
2,0,1,0
2,3,1,0
4,4,1,0
1,3,1,0
3,3,1,0
4,4,1,0
1,4,1,0
3,3,1,0
2,3,1,0
2,3,1,0
3,4,1,0
2,3,1,0
3,2,1,0
2,6,1,0
2,6,1,0
2,6,1,0
2,4,1,0
4,4,1,0
1,5,1,0
3,4,1,0
3,4,1,0
2,2,1,0
2,3,1,0
3,6,1,0
3,6,1,0
2,3,1,0
2,3,1,0
3,4,1,0
3,4,1,0
2,3,1,0
3,4,1,0
4,4,1,0
3,0,1,0
2,6,1,0
4,4,1,0
4,4,1,0
2,3,1,0
2,4,1,0
3,4,1,0
5,4,1,0
4,4,1,0
2,0,1,0
4,4,1,0
2,6,1,0
2,4,1,0
2,3,1,0
3,4,1,0
3,3,1,0
4,2,1,0
3,3,1,0
2,3,1,0
3,4,1,0
3,3,1,0
2,3,1,0
4,4,1,0
3,4,1,0
0,2,1,0
3,4,1,0
3,4,1,0
2,3,1,0
2,4,1,0
3,4,1,0
3,4,1,0
3,4,1,0
3,4,1,0
3,4,1,0
3,4,1,0
3,6,1,0
3,3,1,0
3,4,1,0
2,4,1,0
4,4,1,0
2,3,1,0
3,0,1,0
4,5,1,0
4,5,1,0
3,4,1,0
3,4,1,0
2,4,1,0
3,3,1,0
3,4,1,0
3,6,1,0
2,3,1,0
3,2,1,0
4,4,1,0
4,4,1,0
4,4,1,0
4,6,1,0
4,3,1,0
2,3,1,0
6,4,1,0
3,4,1,0
3,5,1,0
2,3,1,0
4,4,1,0
5,0,1,0
1,2,1,0
3,0,1,0
4,4,1,0
5,0,1,0
2,3,1,0
3,3,1,0
3,3,1,0
3,3,1,0
4,3,1,0
3,3,1,0
3,3,1,0
4,4,1,0
2,3,1,0
4,4,1,0
2,0,1,0
2,0,1,0
3,0,1,0
3,0,1,0
3,4,1,0
5,4,1,0
3,4,1,0
2,3,1,0
2,3,1,0
4,3,1,0
3,4,1,0
3,4,1,0
2,3,1,0
3,3,1,0
3,3,1,0
3,3,1,0
2,3,1,0
3,3,1,0
4,4,1,0
3,3,1,0
3,0,1,0
2,0,1,0
2,2,1,0
2,3,1,0
2,0,1,0
2,3,1,0
6,2,1,0
3,3,1,0
2,0,1,0
3,4,1,0
2,2,1,0
3,4,1,0
3,4,1,0
6,4,1,0
4,4,1,0
4,4,1,0
3,4,1,0
1,6,1,0
5,4,1,0
3,4,1,0
3,4,1,0
5,4,1,0
5,4,1,0
5,4,1,0
5,4,1,0
4,4,1,0
4,4,1,0
4,0,1,0
4,0,1,0
4,5,1,0
5,4,1,0
5,4,1,0
2,3,1,0
2,2,1,0
4,0,1,0
3,4,1,0
4,5,1,0
2,0,1,0
4,5,1,0
2,4,1,0
4,5,1,0
4,4,1,0
2,0,1,0
2,0,1,0
4,6,1,0
2,3,1,0
5,2,1,0
4,4,1,0
3,3,1,0
3,4,1,0
2,3,1,0
3,4,1,0
4,5,1,0
5,6,1,0
4,4,1,0
3,5,1,0
2,4,1,0
2,4,1,0
3,4,1,0
0,2,1,0
2,2,1,0
4,4,1,0
6,4,1,0
3,3,1,0
3,4,1,0
5,4,1,0
4,4,1,0
3,4,1,0
3,4,1,0
3,4,1,0
3,3,1,0
4,4,1,0
3,4,1,0
4,4,1,0
3,4,1,0
4,4,1,0
3,3,1,0
4,4,1,0
2,4,1,0
4,4,1,0
4,4,1,0
3,4,1,0
3,6,1,0
3,5,1,0
3,5,1,0
3,6,1,0
4,4,1,0
3,1,1,0
2,3,1,0
3,3,1,0
5,0,1,0
1,5,1,0
1,5,1,0
5,4,1,0
1,4,1,0
2,0,1,0
2,0,1,0
2,0,1,0
2,0,1,0
2,5,1,0
1,5,1,0
2,5,1,0
4,4,1,0
3,6,1,0
3,4,1,0
4,6,1,0
4,3,1,0
3,4,1,0
3,4,1,0
3,3,1,0
5,4,1,0
2,4,1,0
2,3,1,0
4,0,1,0
2,3,1,0
2,4,1,0
4,4,1,0
2,3,1,0
3,3,1,0
2,3,1,0
2,3,1,0
2,3,1,0
2,4,1,0
2,4,1,0
3,3,1,0
4,6,1,0
2,3,1,0
3,4,1,0
4,3,1,0
4,4,1,0
4,4,1,0
4,4,1,0
2,4,1,0
2,0,1,0
1,3,1,0
2,4,1,0
2,0,1,0
3,6,1,0
3,5,1,0
2,0,1,0
3,6,1,0
2,0,1,0
2,0,1,0
4,4,1,0
4,4,1,0
3,3,1,0
3,3,1,0
4,2,1,0
3,3,1,0
3,4,1,0
3,3,1,0
2,4,1,0
3,3,1,0
3,3,1,0
4,2,1,0
4,2,1,0
4,1,1,0
4,4,1,0
3,3,1,0
4,2,1,0
3,5,1,0
2,0,1,0
3,4,1,0
2,3,1,0
4,4,1,0
2,4,1,0
3,4,1,0
4,4,1,0
3,4,1,0
3,4,1,0
2,4,1,0
3,4,1,0
3,0,1,0
3,0,1,0
2,4,1,0
4,4,1,0
3,0,1,0
1,5,1,0
2,3,1,0
1,2,1,0
3,0,1,0
3,0,1,0
2,2,1,0
3,3,1,0
3,0,1,0
4,4,1,0
4,5,1,0
2,3,1,0
3,3,1,0
4,4,1,0
3,4,1,0
3,4,1,0
3,4,1,0
2,3,1,0
4,4,1,0
3,6,1,0
3,5,1,0
4,0,1,0
3,4,1,0
2,3,1,0
2,3,1,0
2,0,1,0
2,0,1,0
3,5,1,0
3,6,1,0
3,0,1,0
4,6,1,0
4,6,1,0
5,4,1,0
3,6,1,0
3,4,1,0
3,4,1,0
3,4,1,0
1,3,1,0
4,4,1,0
1,3,1,0
3,4,1,0
3,3,1,0
3,4,1,0
3,4,1,0
0,3,1,0
3,0,1,0
2,5,1,0
2,5,1,0
4,4,1,0
2,5,1,0
1,4,1,0
2,5,1,0
1,4,1,0
2,3,1,0
4,4,1,0
2,4,1,0
2,5,1,0
2,4,1,0
2,5,1,0
3,4,1,0
2,0,1,0
3,4,1,0
2,2,1,0
1,0,1,0
2,4,1,0
2,0,1,0
3,4,1,0
2,3,1,0
3,4,1,0
1,3,1,0
4,0,1,0
2,3,1,0
2,3,1,0
2,0,1,0
3,0,1,0
2,4,1,0
3,4,1,0
4,6,1,0
4,2,1,0
3,4,1,0
4,0,1,0
2,4,1,0
4,6,1,0
2,6,1,0
3,3,1,0
4,4,1,0
3,4,1,0
2,0,1,0
2,3,1,0
3,4,1,0
4,4,1,0
3,3,1,0
3,3,1,0
3,6,1,0
4,4,1,0
2,4,1,0
5,4,1,0
5,4,1,0
3,6,1,0
4,4,1,0
3,6,1,0
3,6,1,0
3,4,1,0
4,6,1,0
2,3,1,0
5,4,1,0
3,3,1,0
4,4,1,0
3,3,1,0
4,4,1,0
3,3,1,0
3,4,1,0
2,4,1,0
2,4,1,0
2,4,1,0
4,4,1,0
5,4,1,0
4,2,1,0
4,2,1,0
1,0,1,0
4,2,1,0
3,2,1,0
3,3,1,0
2,4,1,0
1,2,1,0
5,4,1,0
2,2,1,0
2,4,1,0
2,2,1,0
2,3,1,0
3,4,1,0
3,4,1,0
4,4,1,0
2,0,1,0
2,0,1,0
3,3,1,0
4,6,1,0
4,4,1,0
2,4,1,0
4,6,1,0
3,0,1,0
3,4,1,0
2,3,1,0
2,0,1,0
2,4,1,0
3,4,1,0
5,4,1,0
5,4,1,0
2,0,1,0
2,4,1,0
3,5,1,0
2,0,1,0
2,0,1,0
2,4,1,0
2,4,1,0
2,3,1,0
2,0,1,0
2,0,1,0
3,4,1,0
2,3,1,0
2,3,1,0
2,3,1,0
1,3,1,0
3,3,1,0
1,4,1,0
1,4,1,0
3,3,1,0
3,3,1,0
3,3,1,0
3,3,1,0
3,0,1,0
3,3,1,0
4,4,1,0
3,3,1,0
3,4,1,0
2,4,1,0
2,4,1,0
3,4,1,0
2,4,1,0
3,0,1,0
3,4,1,0
2,4,1,0
3,4,1,0
2,4,1,0
3,3,1,0
2,6,1,0
4,4,1,0
3,4,1,0
2,0,1,0
2,0,1,0
2,4,1,0
3,4,1,0
2,4,1,0
3,4,1,0
4,4,1,0
2,3,1,0
2,4,1,0
5,4,1,0
3,0,1,0
2,5,1,0
3,4,1,0
4,5,1,0
3,6,1,0
4,3,1,0
3,3,1,0
3,6,1,0
4,5,1,0
4,3,1,0
3,6,1,0
4,2,1,0
3,4,1,0
4,2,1,0
2,3,1,0
3,4,1,0
3,4,1,0
2,0,1,0
3,3,1,0
2,3,1,0
3,4,1,0
3,4,1,0
3,2,1,0
2,4,1,0
3,4,1,0
3,4,1,0
3,2,1,0
2,4,1,0
5,2,1,0
2,3,1,0
5,4,1,0
5,2,1,0
3,4,1,0
4,4,1,0
3,5,1,0
2,4,1,0
4,4,1,0
3,4,1,0
4,4,1,0
2,4,1,0
3,4,1,0
0,4,1,0
3,3,1,0
4,4,1,0
4,2,1,0
3,4,1,0
3,4,1,0
2,0,1,0
3,4,1,0
2,4,1,0
4,4,1,0
2,0,1,0
3,0,1,0
4,4,1,0
4,4,1,0
4,4,1,0
2,4,1,0
1,4,1,0
4,4,1,0
3,4,1,0
4,4,1,0
2,3,1,0
4,3,1,0
2,4,1,0
3,4,1,0
4,4,1,0
2,4,1,0
3,4,1,0
3,4,1,0
3,3,1,0
3,3,1,0
3,3,1,0
3,3,1,0
3,4,1,0
3,4,1,0
3,0,1,0
2,4,1,0
4,4,1,0
5,6,1,0
4,0,1,0
2,0,1,0
3,6,1,0
4,0,1,0
2,4,1,0
2,3,1,0
2,4,1,0
3,6,1,0
3,4,1,0
4,0,1,0
2,0,1,0
3,4,1,0
3,4,1,0
3,6,1,0
4,6,1,0
2,4,1,0
5,4,1,0
4,6,1,0
3,6,1,0
4,6,1,0
4,2,1,0
4,4,1,0
3,4,1,0
3,5,1,0
3,0,1,0
3,4,1,0
1,5,1,0
1,5,1,0
3,0,1,0
3,4,1,0
4,4,1,0
3,4,1,0
2,0,1,0
3,0,1,0
2,4,1,0
3,4,1,0
3,0,1,0
2,4,1,0
4,4,1,0
5,4,1,0
2,6,1,0
3,4,1,0
3,5,1,0
3,3,1,0
3,4,1,0
2,6,1,0
2,0,1,0
3,4,1,0
3,0,1,0
3,0,1,0
2,4,1,0
3,4,1,0
2,4,1,0
3,4,1,0
3,4,1,0
3,4,1,0
2,4,1,0
3,4,1,0
4,4,1,0
3,4,1,0
3,0,1,0
3,4,1,0
2,6,1,0
2,0,1,0
3,4,1,0
4,4,1,0
5,6,1,0
3,4,1,0
3,4,1,0
5,4,1,0
2,4,1,0
2,4,1,0
3,0,1,0
3,0,1,0
2,4,1,0
3,0,1,0
3,3,1,0
5,4,1,0
5,4,1,0
4,4,1,0
4,4,1,0
5,4,1,0
1,2,1,0
4,4,1,0
4,4,1,0
3,4,1,0
2,4,1,0
2,0,1,0
2,6,1,0
3,3,1,0
3,4,1,0
5,4,1,0
4,4,1,0
3,3,1,0
4,4,1,0
4,4,1,0
1,0,1,0
2,6,1,0
4,4,1,0
3,4,1,0
2,0,1,0
3,3,1,0
2,3,1,0
3,4,1,0
4,4,1,0
3,0,1,0
3,0,1,0
4,4,1,0
4,4,1,0
3,4,1,0
3,4,1,0
4,4,1,0
3,4,1,0
4,4,1,0
4,4,1,0
3,3,1,0
3,4,1,0
3,4,1,0
2,4,1,0
4,4,1,0
3,4,1,0
4,4,1,0
3,0,1,0
3,4,1,0
3,4,1,0
3,4,1,0
3,4,1,0
4,4,1,0
4,4,1,0
4,4,1,0
4,6,1,0
4,6,1,0
3,4,1,0
4,6,1,0
3,3,1,0
5,4,1,0
5,4,1,0
2,2,1,0
1,3,1,0
5,5,1,0
3,5,1,0
4,6,1,0
3,0,1,0
3,4,1,0
3,4,1,0
5,4,1,0
3,4,1,0
3,4,1,0
2,3,1,0
3,4,1,0
0,3,1,0
2,4,1,0
4,4,1,0
1,4,1,0
3,4,1,0
2,4,1,0
1,4,1,0
3,4,1,0
3,4,1,0
3,4,1,0
2,4,1,0
4,5,1,0
2,4,1,0
1,0,1,0
2,4,1,0
4,4,1,0
3,4,1,0
2,4,1,0
2,6,1,0
2,4,1,0
4,5,1,0
2,3,1,0
2,3,1,0
2,4,1,0
2,4,1,0
2,4,1,0
3,4,1,0
3,4,1,0
3,4,1,0
3,4,1,0
3,4,1,0
3,4,1,0
3,4,1,0
3,4,1,0
2,4,1,0
3,4,1,0
4,4,1,0
2,6,1,0
2,4,1,0
3,4,1,0
3,4,1,0
3,4,1,0
3,4,1,0
3,4,1,0
3,4,1,0
3,4,1,0
3,4,1,0
5,4,1,0
2,4,1,0
3,4,1,0
4,4,1,0
2,5,1,0
2,4,1,0
4,4,1,0
3,4,1,0
2,4,1,0
3,4,1,0
1,5,1,0
3,4,1,0
2,3,1,0
3,4,1,0
3,0,1,0
3,4,1,0
3,4,1,0
3,4,1,0
3,4,1,0
1,5,1,0
0,0,1,0
3,4,1,0
3,5,1,0
3,4,1,0
3,4,1,0
2,4,1,0
3,4,1,0
2,4,1,0
2,4,1,0
5,4,1,0
5,4,1,0
4,4,1,0
2,4,1,0
4,4,1,0
3,4,1,0
3,4,1,0
4,4,1,0
2,6,1,0
2,4,1,0
4,4,1,0
5,4,1,0
4,0,1,0
3,6,1,0
3,4,1,0
3,4,1,0
2,4,1,0
2,4,1,0
3,4,1,0
4,4,1,0
3,4,1,0
4,4,1,0
3,5,1,0
3,6,1,0
3,6,1,0
3,4,1,0
2,6,1,0
3,6,1,0
2,4,1,0
2,4,1,0
3,4,1,0
3,3,1,0
2,4,1,0
3,0,1,0
3,6,1,0
3,4,1,0
3,3,1,0
2,4,1,0
4,4,1,0
4,4,1,0
3,4,1,0
3,4,1,0
3,4,1,0
2,2,1,0
3,4,1,0
3,4,1,0
3,4,1,0
3,4,1,0
1,3,1,0
3,4,1,0
3,5,1,0
2,2,1,0
3,4,1,0
3,4,1,0
3,4,1,0
3,2,1,0
3,4,1,0
3,4,1,0
3,4,1,0
4,4,1,0
4,4,1,0
4,4,1,0
4,4,1,0
3,6,1,0
3,4,1,0
1,4,1,0
1,2,1,0
3,4,1,0
2,4,1,0
4,4,1,0
3,4,1,0
2,4,1,0
3,4,1,0
2,4,1,0
2,4,1,0
3,4,1,0
2,4,1,0
2,4,1,0
3,4,1,0
3,4,1,0
2,4,1,0
1,6,1,0
3,4,1,0
3,4,1,0
1,4,1,0
2,4,1,0
1,3,1,0
2,4,1,0
3,6,1,0
4,4,1,0
2,4,1,0
3,4,1,0
2,4,1,0
2,0,1,0
3,4,1,0
2,4,1,0
3,4,1,0
3,4,1,0
3,4,1,0
3,4,1,0
3,5,1,0
3,6,1,0
3,4,1,0
2,3,1,0
3,4,1,0
3,4,1,0
3,4,1,0
3,6,1,0
3,6,1,0
2,4,1,0
4,4,1,0
2,3,1,0
6,4,1,0
3,4,1,0
4,4,1,0
2,3,1,0
4,6,1,0
3,4,1,0
3,4,1,0
4,4,1,0
4,4,1,0
2,4,1,0
3,4,1,0
3,3,1,0
3,4,1,0
3,3,1,0
5,4,1,0
4,4,1,0
2,4,1,0
3,4,1,0
3,4,1,0
4,0,1,0
3,4,1,0
3,4,1,0
2,4,1,0
3,4,1,0
3,0,1,0
2,4,1,0
3,4,1,0
5,4,1,0
4,4,1,0
3,6,1,0
3,4,1,0
2,4,1,0
3,6,1,0
2,3,1,0
2,4,1,0
2,4,1,0
3,4,1,0
4,3,1,0
4,6,1,0
4,3,1,0
4,4,1,0
3,4,1,0
4,4,1,0
2,4,1,0
1,4,1,0
4,4,1,0
3,4,1,0
1,4,1,0
3,3,1,0
2,4,1,0
2,4,1,0
2,4,1,0
3,4,1,0
2,3,1,0
2,3,1,0
3,3,1,0
3,4,1,0
4,4,1,0
3,3,1,0
1,4,1,0
5,4,1,0
2,4,1,0
3,0,1,0
4,2,1,0
3,4,1,0
3,0,1,0
4,4,1,0
2,3,1,0
2,3,1,0
3,3,1,0
2,3,1,0
4,4,1,0
3,0,1,0
3,3,1,0
2,4,1,0
2,3,1,0
3,4,1,0
4,3,1,0
4,3,1,0
4,3,1,0
4,3,1,0
2,4,1,0
4,3,1,0
0,3,1,0
3,4,1,0
1,0,1,0
4,3,1,0
3,4,1,0
2,3,1,0
3,0,1,0
3,4,1,0
3,3,1,0
3,4,1,0
3,4,1,0
3,4,1,0
3,4,1,0
2,4,1,0
1,3,1,0
2,4,1,0
2,4,1,0
3,4,1,0
3,4,1,0
2,3,1,0
1,4,1,0
2,3,1,0
2,2,1,0
2,4,1,0
3,4,1,0
3,4,1,0
2,3,1,0
5,4,1,0
3,4,1,0
3,4,1,0
1,0,1,0
3,4,1,0
4,4,1,0
4,4,1,0
3,4,1,0
5,4,1,0
3,4,1,0
3,3,1,0
3,4,1,0
3,3,1,0
2,3,1,0
3,6,1,0
3,0,1,0
3,3,1,0
2,1,1,0
3,0,1,0
3,3,1,0
3,4,1,0
2,5,1,0
3,3,1,0
2,4,1,0
1,2,1,0
3,4,1,0
3,4,1,0
3,3,1,0
3,0,1,0
2,3,1,0
2,3,1,0
2,0,1,0
3,0,1,0
2,2,1,0
3,6,1,0
3,6,1,0
4,4,1,0
3,4,1,0
4,0,1,0
3,4,1,0
3,3,1,0
2,3,1,0
2,3,1,0
2,5,1,0
2,3,1,0
3,3,1,0
3,0,1,0
4,4,1,0
3,4,1,0
2,3,1,0
2,3,1,0
2,3,1,0
2,0,1,0
2,3,1,0
4,2,1,0
3,0,1,0
3,5,1,0
3,0,1,0
3,0,1,0
3,6,1,0
3,4,1,0
2,3,1,0
3,5,1,0
5,4,1,0
5,4,1,0
2,0,1,0
1,4,1,0
3,0,1,0
3,4,1,0
4,4,1,0
3,0,1,0
4,0,1,0
4,4,1,0
2,4,1,0
4,6,1,0
2,0,1,0
2,4,1,0
3,4,1,0
2,3,1,0
2,3,1,0
3,4,1,0
2,4,1,0
5,4,1,0
3,3,1,0
3,4,1,0
3,3,1,0
2,0,1,0
3,3,1,0
3,4,1,0
3,3,1,0
2,3,1,0
2,0,1,0
3,0,1,0
2,3,1,0
3,0,1,0
3,3,1,0
2,0,1,0
3,4,1,0
3,4,1,0
4,2,1,0
3,4,1,0
4,4,1,0
1,3,1,0
3,4,1,0
3,4,1,0
3,4,1,0
2,4,1,0
4,2,1,0
3,4,1,0
2,3,1,0
2,4,1,0
2,3,1,0
3,4,1,0
3,4,1,0
4,1,1,0
4,1,1,0
4,4,1,0
4,1,1,0
4,4,1,0
3,4,1,0
2,3,1,0
3,0,1,0
4,5,1,0
3,3,1,0
3,0,1,0
2,4,1,0
4,5,1,0
3,0,1,0
3,4,1,0
3,4,1,0
2,3,1,0
2,4,1,0
2,3,1,0
2,0,1,0
3,4,1,0
4,0,1,0
3,4,1,0
4,4,1,0
2,4,1,0
4,4,1,0
3,0,1,0
1,0,1,0
2,0,1,0
2,0,1,0
3,0,1,0
3,0,1,0
3,0,1,0
4,5,1,0
2,3,1,0
3,4,1,0
3,3,1,0
3,3,1,0
3,4,1,0
4,4,1,0
4,0,1,0
3,4,1,0
3,4,1,0
2,3,1,0
2,3,1,0
2,0,1,0
2,4,1,0
3,0,1,0
3,2,1,0
3,0,1,0
3,4,1,0
2,4,1,0
3,4,1,0
2,4,1,0
2,4,1,0
2,4,1,0
3,4,1,0
2,3,1,0
2,4,1,0
2,3,1,0
2,5,1,0
2,4,1,0
2,4,1,0
2,3,1,0
2,3,1,0
2,4,1,0
3,0,1,0
3,6,1,0
3,6,1,0
3,4,1,0
4,4,1,0
3,0,1,0
2,6,1,0
3,0,1,0
2,0,1,0
3,0,1,0
3,6,1,0
2,4,1,0
4,0,1,0
4,2,1,0
2,6,1,0
2,3,1,0
3,5,1,0
3,6,1,0
3,0,1,0
3,4,1,0
4,2,1,0
2,3,1,0
3,5,1,0
3,3,1,0
3,4,1,0
4,0,1,0
2,6,1,0
2,0,1,0
2,2,1,0
1,4,1,0
3,4,1,0
3,4,1,0
2,0,1,0
3,4,1,0
2,0,1,0
3,0,1,0
0,3,1,0
3,0,1,0
2,4,1,0
3,5,1,0
2,0,1,0
3,0,1,0
4,6,1,0
2,4,1,0
2,3,1,0
2,6,1,0
2,3,1,0
2,6,1,0
2,4,1,0
2,3,1,0
3,0,1,0
3,3,1,0
2,3,1,0
4,4,1,0
2,4,1,0
2,0,1,0
1,0,1,0
4,4,1,0
3,4,1,0
2,0,1,0
2,0,1,0
2,2,1,0
3,4,1,0
3,6,1,0
2,0,1,0
2,0,1,0
2,0,1,0
2,4,1,0
3,6,1,0
2,3,1,0
3,3,1,0
3,4,1,0
4,0,1,0
3,4,1,0
4,4,1,0
3,4,1,0
4,4,1,0
2,0,1,0
2,3,1,0
2,3,1,0
3,3,1,0
2,4,1,0
3,0,1,0
3,0,1,0
3,3,1,0
5,3,1,0
5,3,1,0
5,3,1,0
5,3,1,0
5,3,1,0
3,4,1,0
3,4,1,0
2,0,1,0
3,0,1,0
4,4,1,0
1,4,1,0
5,3,1,0
2,4,1,0
3,0,1,0
3,3,1,0
3,0,1,0
3,3,1,0
3,0,1,0
3,0,1,0
3,3,1,0
2,0,1,0
2,0,1,0
3,4,1,0
3,0,1,0
3,4,1,0
3,3,1,0
3,0,1,0
3,4,1,0
2,4,1,0
4,4,1,0
3,4,1,0
2,4,1,0
2,4,1,0
3,3,1,0
2,2,1,0
3,5,1,0
4,4,1,0
2,2,1,0
4,4,1,0
3,3,1,0
3,6,1,0
3,4,1,0
3,0,1,0
3,4,1,0
2,3,1,0
2,4,1,0
2,6,1,0
2,3,1,0
3,0,1,0
3,0,1,0
3,0,1,0
2,0,1,0
3,2,1,0
2,3,1,0
2,4,1,0
2,2,1,0
3,4,1,0
2,0,1,0
2,4,1,0
2,2,1,0
3,4,1,0
2,4,1,0
3,4,1,0
3,5,1,0
3,3,1,0
2,2,1,0
2,4,1,0
2,4,1,0
2,4,1,0
4,4,1,0
0,0,1,0
2,3,1,0
2,3,1,0
2,2,1,0
2,2,1,0
3,4,1,0
2,3,1,0
4,4,1,0
2,3,1,0
2,4,1,0
2,4,1,0
3,4,1,0
2,6,1,0
2,4,1,0
3,0,1,0
2,0,1,0
2,0,1,0
2,0,1,0
3,4,1,0
4,4,1,0
3,4,1,0
3,5,1,0
2,0,1,0
2,0,1,0
3,0,1,0
2,4,1,0
2,4,1,0
3,4,1,0
3,4,1,0
1,4,1,0
2,4,1,0
2,1,1,0
3,4,1,0
2,0,1,0
3,0,1,0
3,0,1,0
2,5,1,0
3,0,1,0
3,0,1,0
3,0,1,0
2,0,1,0
2,3,1,0
2,3,1,0
2,4,1,0
2,4,1,0
2,4,1,0
2,4,1,0
2,3,1,0
3,3,1,0
2,4,1,0
2,3,1,0
3,4,1,0
2,3,1,0
2,0,1,0
2,4,1,0
2,4,1,0
2,6,1,0
3,0,1,0
3,3,1,0
3,0,1,0
2,3,1,0
2,3,1,0
2,3,1,0
2,5,1,0
3,0,1,0
2,3,1,0
1,2,1,0
2,5,1,0
3,4,1,0
1,4,1,0
2,3,1,0
4,2,1,0
2,3,1,0
2,3,1,0
4,2,1,0
2,3,1,0
2,3,1,0
2,0,1,0
3,3,1,0
2,4,1,0
2,4,1,0
3,3,1,0
3,3,1,0
3,0,1,0
3,4,1,0
2,4,1,0
3,4,1,0
2,4,1,0
2,4,1,0
2,4,1,0
2,4,1,0
2,4,1,0
2,6,1,0
4,4,1,0
3,0,1,0
3,3,1,0
3,4,1,0
2,4,1,0
2,4,1,0
3,4,1,0
3,4,1,0
2,4,1,0
3,4,1,0
3,4,1,0
1,3,1,0
2,4,1,0
1,2,1,0
3,2,1,0
3,4,1,0
1,4,1,0
3,4,1,0
4,2,1,0
3,0,1,0
3,2,1,0
2,6,1,0
2,4,1,0
2,4,1,0
4,3,1,0
4,3,1,0
4,3,1,0
4,3,1,0
4,3,1,0
2,3,1,0
2,4,1,0
4,3,1,0
4,3,1,0
2,3,1,0
4,3,1,0
2,4,1,0
3,5,1,0
3,4,1,0
3,0,1,0
2,3,1,0
2,3,1,0
3,4,1,0
4,6,1,0
2,4,1,0
2,0,1,0
3,4,1,0
3,6,1,0
3,4,1,0
2,0,1,0
3,4,1,0
3,6,1,0
3,4,1,0
2,0,1,0
3,2,1,0
3,2,1,0
2,0,1,0
3,3,1,0
2,3,1,0
3,4,1,0
2,0,1,0
2,4,1,0
2,4,1,0
2,4,1,0
3,6,1,0
4,6,1,0
2,4,1,0
3,4,1,0
4,0,1,0
3,4,1,0
3,4,1,0
3,4,1,0
2,4,1,0
3,0,1,0
2,4,1,0
3,4,1,0
3,4,1,0
4,4,1,0
3,6,1,0
3,0,1,0
4,0,1,0
3,3,1,0
4,0,1,0
1,0,1,0
2,4,1,0
2,6,1,0
4,6,1,0
3,4,1,0
4,6,1,0
3,4,1,0
3,0,1,0
2,4,1,0
2,5,1,0
3,4,1,0
2,0,1,0
1,3,1,0
3,4,1,0
3,4,1,0
2,0,1,0
2,0,1,0
2,3,1,0
2,4,1,0
2,3,1,0
4,4,1,0
1,3,1,0
3,4,1,0
3,4,1,0
2,3,1,0
3,2,1,0
4,4,1,0
2,0,1,0
2,3,1,0
3,3,1,0
3,0,1,0
2,6,1,0
3,3,1,0
2,3,1,0
3,3,1,0
2,3,1,0
3,3,1,0
3,2,1,0
2,3,1,0
3,4,1,0
2,3,1,0
2,0,1,0
3,4,1,0
3,3,1,0
3,2,1,0
4,5,1,0
3,3,1,0
3,4,1,0
2,4,1,0
4,5,1,0
1,3,1,0
3,3,1,0
3,4,1,0
3,3,1,0
2,3,1,0
3,4,1,0
3,4,1,0
2,0,1,0
2,0,1,0
2,0,1,0
2,0,1,0
2,3,1,0
2,3,1,0
2,0,1,0
4,2,1,0
4,4,1,0
3,0,1,0
3,3,1,0
4,2,1,0
4,4,1,0
3,3,1,0
4,4,1,0
3,3,1,0
5,4,1,0
4,4,1,0
4,4,1,0
2,3,1,0
2,3,1,0
2,3,1,0
3,0,1,0
4,4,1,0
2,4,1,0
2,4,1,0
2,0,1,0
3,0,1,0
2,4,1,0
4,4,1,0
2,0,1,0
4,2,1,0
3,4,1,0
3,4,1,0
4,4,1,0
2,4,1,0
1,4,1,0
4,4,1,0
3,6,1,0
2,3,1,0
3,5,1,0
3,4,1,0
2,3,1,0
3,0,1,0
2,4,1,0
3,0,1,0
2,4,1,0
2,4,1,0
3,3,1,0
2,0,1,0
3,3,1,0
5,2,1,0
2,0,1,0
2,0,1,0
2,0,1,0
1,3,1,0
2,4,1,0
3,5,1,0
3,4,1,0
2,4,1,0
5,2,1,0
2,4,1,0
3,5,1,0
3,0,1,0
1,4,1,0
3,5,1,0
3,6,1,0
2,3,1,0
2,3,1,0
3,0,1,0
3,0,1,0
4,5,1,0
3,4,1,0
4,4,1,0
3,4,1,0
2,2,1,0
2,0,1,0
2,3,1,0
3,0,1,0
2,4,1,0
3,4,1,0
2,3,1,0
2,3,1,0
2,0,1,0
2,4,1,0
3,3,1,0
3,3,1,0
3,4,1,0
4,4,1,0
2,4,1,0
1,4,1,0
0,2,1,0
3,4,1,0
3,4,1,0
3,4,1,0
3,4,1,0
2,0,1,0
1,3,1,0
1,3,1,0
3,4,1,0
5,4,1,0
3,2,1,0
5,4,1,0
2,4,1,0
1,4,1,0
1,4,1,0
1,4,1,0
5,4,1,0
5,4,1,0
3,6,1,0
4,0,1,0
3,0,1,0
2,3,1,0
2,4,1,0
2,2,1,0
3,4,1,0
3,2,1,0
3,4,1,0
1,5,1,0
1,6,1,0
3,0,1,0
3,5,1,0
2,0,1,0
2,3,1,0
3,2,1,0
3,4,1,0
2,3,1,0
1,5,1,0
3,4,1,0
3,2,1,0
1,3,1,0
1,5,1,0
1,3,1,0
2,0,1,0
3,4,1,0
2,3,1,0
2,5,1,0
2,4,1,0
4,4,1,0
2,4,1,0
2,3,1,0
3,4,1,0
2,3,1,0
3,4,1,0
3,4,1,0
3,0,1,0
3,4,1,0
3,0,1,0
2,3,1,0
2,3,1,0
2,3,1,0
3,3,1,0
3,0,1,0
1,4,1,0
2,3,1,0
3,0,1,0
2,3,1,0
3,4,1,0
2,3,1,0
3,5,1,0
2,3,1,0
2,4,1,0
2,3,1,0
2,4,1,0
2,4,1,0
3,4,1,0
3,4,1,0
3,4,1,0
2,3,1,0
2,3,1,0
4,4,1,0
3,4,1,0
2,3,1,0
3,0,1,0
3,4,1,0
3,4,1,0
3,0,1,0
2,3,1,0
2,3,1,0
2,5,1,0
2,0,1,0
4,4,1,0
2,0,1,0
2,4,1,0
2,4,1,0
3,4,1,0
3,4,1,0
2,0,1,0
2,0,1,0
4,4,1,0
3,2,1,0
3,3,1,0
4,4,1,0
2,3,1,0
3,3,1,0
4,4,1,0
3,3,1,0
3,4,1,0
2,4,1,0
3,4,1,0
3,3,1,0
3,3,1,0
2,3,1,0
3,0,1,0
2,0,1,0
3,0,1,0
3,0,1,0
3,3,1,0
3,4,1,0
2,3,1,0
3,3,1,0
1,0,1,0
1,0,1,0
2,0,1,0
2,2,1,0
2,3,1,0
2,3,1,0
3,4,1,0
2,3,1,0
2,4,1,0
1,0,1,0
1,0,1,0
3,0,1,0
3,4,1,0
3,3,1,0
4,4,1,0
3,3,1,0
2,4,1,0
3,4,1,0
3,3,1,0
3,5,1,0
2,4,1,0
4,4,1,0
4,2,1,0
3,4,1,0
3,3,1,0
4,2,1,0
2,4,1,0
2,3,1,0
4,4,1,0
5,3,1,0
2,4,1,0
2,3,1,0
5,3,1,0
4,4,1,0
3,4,1,0
3,4,1,0
2,3,1,0
3,3,1,0
1,3,1,0
1,3,1,0
2,3,1,0
4,4,1,0
3,0,1,0
3,3,1,0
3,3,1,0
3,3,1,0
2,4,1,0
2,0,1,0
3,0,1,0
2,6,1,0
3,3,1,0
3,4,1,0
3,4,1,0
2,4,1,0
2,3,1,0
3,3,1,0
2,6,1,0
2,3,1,0
3,3,1,0
2,4,1,0
4,6,1,0
4,6,1,0
4,6,1,0
2,6,1,0
4,6,1,0
4,6,1,0
2,4,1,0
3,4,1,0
2,0,1,0
3,4,1,0
2,4,1,0
3,0,1,0
2,3,1,0
4,2,1,0
2,4,1,0
3,3,1,0
3,4,1,0
2,4,1,0
3,2,1,0
2,2,1,0
2,4,1,0
2,0,1,0
3,6,1,0
2,3,1,0
2,3,1,0
4,4,1,0
3,3,1,0
2,3,1,0
4,6,1,0
4,6,1,0
4,6,1,0
4,6,1,0
4,6,1,0
4,6,1,0
3,4,1,0
4,6,1,0
1,3,1,0
3,3,1,0
4,4,1,0
2,4,1,0
2,3,1,0
4,4,1,0
2,4,1,0
2,0,1,0
3,5,1,0
2,0,1,0
3,3,1,0
4,6,1,0
2,3,1,0
3,5,1,0
4,2,1,0
4,2,1,0
3,2,1,0
3,4,1,0
3,0,1,0
3,6,1,0
3,2,1,0
2,4,1,0
2,3,1,0
4,2,1,0
2,4,1,0
2,4,1,0
4,4,1,0
4,4,1,0
4,4,1,0
4,4,1,0
3,3,1,0
2,3,1,0
2,4,1,0
4,4,1,0
4,4,1,0
2,4,1,0
2,3,1,0
4,4,1,0
4,4,1,0
3,3,1,0
2,3,1,0
3,4,1,0
4,2,1,0
2,3,1,0
2,3,1,0
2,2,1,0
3,0,1,0
2,3,1,0
2,2,1,0
3,2,1,0
3,2,1,0
3,2,1,0
2,3,1,0
2,5,1,0
2,0,1,0
3,3,1,0
4,4,1,0
4,4,1,0
2,5,1,0
3,4,1,0
3,3,1,0
2,0,1,0
2,3,1,0
4,2,1,0
2,3,1,0
2,3,1,0
2,0,1,0
1,0,1,0
4,4,1,0
4,4,1,0
3,2,1,0
3,3,1,0
3,0,1,0
3,0,1,0
5,5,1,0
4,4,1,0
2,4,1,0
4,4,1,0
4,4,1,0
3,2,1,0
2,4,1,0
4,4,1,0
4,4,1,0
4,3,1,0
3,2,1,0
4,0,1,0
4,0,1,0
3,5,1,0
3,4,1,0
2,0,1,0
3,0,1,0
3,6,1,0
3,0,1,0
3,4,1,0
2,0,1,0
3,4,1,0
4,4,1,0
3,6,1,0
2,3,1,0
3,0,1,0
3,0,1,0
3,0,1,0
3,4,1,0
3,4,1,0
3,4,1,0
3,4,1,0
3,4,1,0
3,4,1,0
2,4,1,0
3,4,1,0
3,0,1,0
4,2,1,0
2,3,1,0
2,3,1,0
2,3,1,0
3,3,1,0
3,3,1,0
3,0,1,0
2,3,1,0
3,4,1,0
2,0,1,0
2,0,1,0
2,4,1,0
2,4,1,0
3,4,1,0
3,3,1,0
3,0,1,0
2,0,1,0
3,6,1,0
3,5,1,0
3,6,1,0
4,2,1,0
2,4,1,0
4,2,1,0
3,4,1,0
3,6,1,0
2,3,1,0
3,4,1,0
3,6,1,0
3,3,1,0
4,2,1,0
2,3,1,0
2,0,1,0
2,4,1,0
4,2,1,0
3,0,1,0
3,3,1,0
3,6,1,0
4,0,1,0
2,3,1,0
4,4,1,0
3,3,1,0
2,3,1,0
3,0,1,0
3,2,1,0
3,2,1,0
4,4,1,0
3,0,1,0
3,0,1,0
5,0,1,0
3,0,1,0
5,0,1,0
3,5,1,0
3,4,1,0
5,4,1,0
2,2,1,0
2,3,1,0
3,0,1,0
2,4,1,0
3,4,1,0
3,4,1,0
3,4,1,0
2,0,1,0
2,4,1,0
3,4,1,0
3,0,1,0
3,4,1,0
3,5,1,0
3,0,1,0
3,4,1,0
2,4,1,0
4,3,1,0
3,4,1,0
4,4,1,0
4,2,1,0
5,4,1,0
5,4,1,0
5,4,1,0
3,4,1,0
4,2,1,0
2,4,1,0
2,4,1,0
3,4,1,0
3,4,1,0
3,4,1,0
3,4,1,0
2,3,1,0
3,2,1,0
2,3,1,0
2,3,1,0
2,3,1,0
3,4,1,0
2,4,1,0
2,4,1,0
4,4,1,0
2,4,1,0
5,4,1,0
4,4,1,0
2,4,1,0
4,4,1,0
4,4,1,0
2,4,1,0
2,4,1,0
3,4,1,0
5,4,1,0
5,4,1,0
3,4,1,0
2,4,1,0
2,4,1,0
3,4,1,0
4,4,1,0
4,2,1,0
2,5,1,0
3,4,1,0
4,4,1,0
4,4,1,0
2,2,1,0
2,4,1,0
4,4,1,0
1,6,1,0
3,4,1,0
2,4,1,0
2,4,1,0
2,4,1,0
3,2,1,0
3,0,1,0
3,0,1,0
3,4,1,0
4,4,1,0
4,4,1,0
2,4,1,0
2,3,1,0
2,3,1,0
3,5,1,0
4,4,1,0
3,4,1,0
3,0,1,0
3,4,1,0
3,4,1,0
4,5,1,0
4,4,1,0
3,4,1,0
3,4,1,0
3,4,1,0
3,4,1,0
2,6,1,0
4,5,1,0
4,5,1,0
2,4,1,0
2,0,1,0
2,3,1,0
2,0,1,0
2,5,1,0
2,6,1,0
3,4,1,0
3,4,1,0
4,4,1,0
4,4,1,0
5,2,1,0
4,4,1,0
3,5,1,0
3,0,1,0
3,4,1,0
3,4,1,0
3,4,1,0
3,4,1,0
3,4,1,0
4,4,1,0
4,4,1,0
2,4,1,0
3,4,1,0
4,4,1,0
3,5,1,0
4,4,1,0
5,5,1,0
4,5,1,0
3,5,1,0
2,3,1,0
2,6,1,0
3,4,1,0
3,4,1,0
2,5,1,0
4,6,1,0
2,4,1,0
4,4,1,0
4,4,1,0
3,4,1,0
2,4,1,0
2,2,1,0
1,2,1,0
3,4,1,0
5,4,1,0
3,4,1,0
2,3,1,0
4,0,1,0
4,5,1,0
2,4,1,0
2,4,1,0
2,3,1,0
2,2,1,0
2,3,1,0
3,4,1,0
4,2,1,0
2,3,1,0
3,4,1,0
4,4,1,0
2,0,1,0
2,4,1,0
3,4,1,0
3,2,1,0
3,2,1,0
2,3,1,0
2,3,1,0
4,2,1,0
2,0,1,0
3,5,1,0
3,5,1,0
3,1,1,0
4,4,1,0
3,2,1,0
2,4,1,0
1,4,1,0
3,4,1,0
5,4,1,0
3,6,1,0
3,6,1,0
2,0,1,0
5,2,1,0
4,6,1,0
4,6,1,0
3,6,1,0
5,6,1,0
5,2,1,0
3,3,1,0
3,6,1,0
2,4,1,0
1,2,1,0
2,4,1,0
2,0,1,0
5,6,1,0
5,6,1,0
3,4,1,0
2,2,1,0
2,4,1,0
5,6,1,0
3,4,1,0
5,4,1,0
3,4,1,0
3,4,1,0
3,4,1,0
3,4,1,0
2,5,1,0
2,5,1,0
2,5,1,0
2,5,1,0
4,4,1,0
2,4,1,0
3,6,1,0
3,5,1,0
2,5,1,0
4,2,1,0
4,6,1,0
3,4,1,0
2,3,1,0
4,2,1,0
2,4,1,0
5,4,1,0
3,6,1,0
3,6,1,0
2,0,1,0
3,2,1,0
2,0,1,0
2,0,1,0
3,6,1,0
3,6,1,0
3,6,1,0
3,0,1,0
3,4,1,0
3,0,1,0
3,0,1,0
4,4,1,0
4,4,1,0
4,0,1,0
3,4,1,0
3,4,1,0
3,2,1,0
4,4,1,0
4,4,1,0
4,6,1,0
4,4,1,0
3,6,1,0
4,4,1,0
4,4,1,0
4,4,1,0
4,6,1,0
4,6,1,0
3,4,1,0
5,4,1,0
3,6,1,0
4,4,1,0
4,6,1,0
4,4,1,0
4,4,1,0
4,4,1,0
4,4,1,0
3,4,1,0
3,4,1,0
3,6,1,0
4,4,1,0
4,4,1,0
3,6,1,0
2,0,1,0
3,4,1,0
3,4,1,0
3,6,1,0
3,4,1,0
3,2,1,0
3,6,1,0
3,4,1,0
5,4,1,0
3,2,1,0
3,2,1,0
1,4,1,0
2,3,1,0
3,4,1,0
3,6,1,0
4,4,1,0
3,6,1,0
2,0,1,0
3,4,1,0
5,4,1,0
5,4,1,0
3,3,1,0
2,4,1,0
3,6,1,0
3,4,1,0
4,4,1,0
2,4,1,0
3,3,1,0
3,4,1,0
3,3,1,0
2,4,1,0
3,3,1,0
3,3,1,0
3,4,1,0
3,4,1,0
3,5,1,0
3,4,1,0
2,4,1,0
3,4,1,0
2,0,1,0
1,3,1,0
2,0,1,0
4,4,1,0
2,5,1,0
3,4,1,0
3,4,1,0
2,2,1,0
2,2,1,0
2,3,1,0
3,5,1,0
2,4,1,0
2,4,1,0
5,4,1,0
2,4,1,0
2,4,1,0
3,6,1,0
2,4,1,0
1,4,1,0
3,4,1,0
5,4,1,0
5,4,1,0
4,4,1,0
3,0,1,0
2,4,1,0
2,4,1,0
4,4,1,0
2,0,1,0
2,3,1,0
2,2,1,0
2,4,1,0
3,5,1,0
2,4,1,0
3,4,1,0
4,4,1,0
3,5,1,0
3,6,1,0
4,4,1,0
0,4,1,0
3,4,1,0
4,4,1,0
3,5,1,0
3,4,1,0
3,4,1,0
4,4,1,0
3,2,1,0
3,2,1,0
4,4,1,0
2,4,1,0
4,4,1,0
4,4,1,0
4,6,1,0
3,4,1,0
3,4,1,0
4,4,1,0
2,4,1,0
3,4,1,0
3,4,1,0
3,4,1,0
2,4,1,0
1,4,1,0
3,4,1,0
4,4,1,0
2,5,1,0
3,4,1,0
3,4,1,0
3,4,1,0
4,4,1,0
4,4,1,0
4,4,1,0
2,2,1,0
3,3,1,0
2,5,1,0
3,4,1,0
2,4,1,0
3,4,1,0
2,6,1,0
4,6,1,0
2,4,1,0
3,4,1,0
3,4,1,0
3,4,1,0
2,3,1,0
3,4,1,0
3,4,1,0
3,4,1,0
3,3,1,0
2,4,1,0
3,4,1,0
3,4,1,0
3,4,1,0
3,3,1,0
4,4,1,0
3,4,1,0
2,4,1,0
3,3,1,0
3,3,1,0
3,3,1,0
3,4,1,0
3,3,1,0
3,4,1,0
3,4,1,0
3,3,1,0
3,4,1,0
3,4,1,0
3,4,1,0
4,4,1,0
2,6,1,0
4,4,1,0
4,4,1,0
3,4,1,0
3,4,1,0
2,6,1,0
4,4,1,0
4,4,1,0
3,4,1,0
3,4,1,0
3,4,1,0
4,4,1,0
3,4,1,0
3,5,1,0
3,6,1,0
3,6,1,0
5,4,1,0
5,4,1,0
5,4,1,0
3,6,1,0
3,6,1,0
2,3,1,0
3,6,1,0
1,0,1,0
3,4,1,0
3,6,1,0
2,4,1,0
3,4,1,0
4,4,1,0
3,4,1,0
1,2,1,0
4,4,1,0
5,6,1,0
2,4,1,0
4,4,1,0
3,4,1,0
3,6,1,0
2,4,1,0
2,4,1,0
3,4,1,0
4,4,1,0
3,4,1,0
4,4,1,0
4,4,1,0
4,4,1,0
3,4,1,0
4,4,1,0
4,4,1,0
2,4,1,0
4,4,1,0
4,4,1,0
3,5,1,0
2,4,1,0
2,3,1,0
2,3,1,0
3,4,1,0
2,4,1,0
3,6,1,0
3,4,1,0
3,5,1,0
2,6,1,0
2,3,1,0
1,0,1,0
4,4,1,0
2,6,1,0
3,4,1,0
3,5,1,0
3,4,1,0
3,1,1,0
4,4,1,0
3,4,1,0
3,0,1,0
3,3,1,0
4,4,1,0
3,6,1,0
3,5,1,0
2,4,1,0
3,4,1,0
3,4,1,0
3,1,1,0
3,4,1,0
4,4,1,0
2,0,1,0
4,4,1,0
3,4,1,0
4,4,1,0
3,4,1,0
4,4,1,0
4,4,1,0
2,0,1,0
3,4,1,0
3,4,1,0
4,4,1,0
4,4,1,0
3,6,1,0
3,6,1,0
5,4,1,0
5,4,1,0
2,4,1,0
3,6,1,0
3,6,1,0
3,6,1,0
3,6,1,0
3,6,1,0
3,6,1,0
2,4,1,0
4,2,1,0
5,2,1,0
3,3,1,0
0,3,1,0
3,6,1,0
3,3,1,0
3,4,1,0
2,3,1,0
2,4,1,0
4,4,1,0
4,5,1,0
4,4,1,0
2,4,1,0
1,0,1,0
5,4,1,0
4,4,1,0
2,3,1,0
3,6,1,0
2,4,1,0
3,4,1,0
4,6,1,0
3,3,1,0
3,0,1,0
4,6,1,0
4,6,1,0
4,6,1,0
3,3,1,0
2,3,1,0
2,2,1,0
5,4,1,0
2,3,1,0
4,5,1,0
3,4,1,0
2,3,1,0
2,3,1,0
2,4,1,0
3,4,1,0
4,4,1,0
2,2,1,0
5,4,1,0
3,4,1,0
4,4,1,0
4,4,1,0
4,2,1,0
4,4,1,0
0,0,1,0
3,4,1,0
4,4,1,0
4,4,1,0
4,4,1,0
4,2,1,0
4,2,1,0
3,3,1,0
4,4,1,0
3,4,1,0
3,4,1,0
4,5,1,0
2,4,1,0
2,6,1,0
3,4,1,0
4,4,1,0
3,4,1,0
3,4,1,0
4,4,1,0
2,0,1,0
4,4,1,0
2,4,1,0
3,6,1,0
3,6,1,0
3,6,1,0
4,4,1,0
3,6,1,0
3,2,1,0
3,0,1,0
3,0,1,0
3,0,1,0
3,4,1,0
3,0,1,0
3,4,1,0
3,0,1,0
2,4,1,0
4,0,1,0
3,0,1,0
3,0,1,0
3,6,1,0
3,6,1,0
3,4,1,0
3,4,1,0
3,6,1,0
3,4,1,0
3,4,1,0
3,4,1,0
4,4,1,0
3,4,1,0
3,3,1,0
4,4,1,0
3,4,1,0
3,4,1,0
4,4,1,0
3,4,1,0
3,6,1,0
3,4,1,0
3,5,1,0
4,2,1,0
3,6,1,0
3,4,1,0
3,0,1,0
4,6,1,0
3,4,1,0
3,6,1,0
3,4,1,0
4,6,1,0
2,3,1,0
3,0,1,0
3,0,1,0
3,0,1,0
5,4,1,0
2,3,1,0
4,4,1,0
4,6,1,0
4,4,1,0
3,4,1,0
3,4,1,0
3,4,1,0
5,4,1,0
2,3,1,0
3,0,1,0
4,4,1,0
3,4,1,0
5,4,1,0
3,4,1,0
3,6,1,0
2,4,1,0
2,4,1,0
3,0,1,0
3,4,1,0
2,3,1,0
3,4,1,0
3,0,1,0
2,0,1,0
3,0,1,0
2,0,1,0
3,4,1,0
3,4,1,0
3,4,1,0
2,3,1,0
3,3,1,0
0,4,1,0
4,0,1,0
3,6,1,0
3,0,1,0
3,6,1,0
4,0,1,0
4,4,1,0
3,4,1,0
1,2,1,0
3,4,1,0
4,4,1,0
2,2,1,0
5,4,1,0
5,2,1,0
2,4,1,0
3,4,1,0
3,4,1,0
3,4,1,0
3,3,1,0
3,4,1,0
2,4,1,0
3,4,1,0
3,4,1,0
2,4,1,0
4,2,1,0
3,0,1,0
3,4,1,0
3,5,1,0
2,3,1,0
2,3,1,0
2,3,1,0
2,5,1,0
2,5,1,0
4,4,1,0
3,4,1,0
2,3,1,0
5,6,1,0
3,3,1,0
3,3,1,0
4,4,1,0
5,6,1,0
4,6,1,0
4,6,1,0
2,4,1,0
3,4,1,0
2,1,1,0
3,2,1,0
2,0,1,0
4,4,1,0
4,4,1,0
3,0,1,0
3,6,1,0
5,0,1,0
3,4,1,0
4,4,1,0
2,6,1,0
3,4,1,0
3,4,1,0
2,3,1,0
5,4,1,0
3,0,1,0
5,0,1,0
3,6,1,0
3,4,1,0
5,4,1,0
3,0,1,0
3,4,1,0
5,4,1,0
4,0,1,0
3,4,1,0
4,4,1,0
5,4,1,0
2,4,1,0
5,4,1,0
4,4,1,0
5,4,1,0
4,0,1,0
3,4,1,0
3,0,1,0
3,2,1,0
5,4,1,0
4,0,1,0
3,4,1,0
4,4,1,0
4,4,1,0
3,4,1,0
4,4,1,0
4,4,1,0
3,4,1,0
3,4,1,0
4,4,1,0
4,4,1,0
3,4,1,0
2,4,1,0
4,4,1,0
4,4,1,0
4,4,1,0
3,4,1,0
4,4,1,0
2,4,1,0
3,3,1,0
3,0,1,0
4,4,1,0
3,4,1,0
3,2,1,0
3,2,1,0
4,2,1,0
4,4,1,0
4,4,1,0
2,4,1,0
4,4,1,0
2,3,1,0
4,4,1,0
2,3,1,0
2,3,1,0
3,4,1,0
3,4,1,0
3,0,1,0
3,0,1,0
1,3,1,0
4,4,1,0
2,0,1,0
2,4,1,0
3,5,1,0
3,3,1,0
2,0,1,0
2,4,1,0
3,5,1,0
2,4,1,0
4,4,1,0
3,2,1,0
3,2,1,0
3,0,1,0
3,4,1,0
3,4,1,0
3,4,1,0
3,0,1,0
3,4,1,0
3,0,1,0
3,4,1,0
3,4,1,0
3,5,1,0
3,3,1,0
3,3,1,0
3,3,1,0
3,0,1,0
3,6,1,0
4,4,1,0
3,0,1,0
3,3,1,0
1,2,1,0
3,2,1,0
2,0,1,0
3,4,1,0
2,0,1,0
3,2,1,0
3,6,1,0
3,4,1,0
3,2,1,0
4,5,1,0
3,6,1,0
3,2,1,0
1,2,1,0
3,4,1,0
3,2,1,0
3,0,1,0
4,5,1,0
2,4,1,0
4,0,1,0
1,4,1,0
4,2,1,0
2,0,1,0
4,4,1,0
3,4,1,0
3,2,1,0
4,2,1,0
4,4,1,0
4,3,1,0
3,4,1,0
3,4,1,0
3,4,1,0
4,5,1,0
2,4,1,0
4,3,1,0
4,3,1,0
4,6,1,0
4,6,1,0
4,6,1,0
3,1,1,0
4,4,1,0
3,3,1,0
3,4,1,0
4,4,1,0
3,4,1,0
4,4,1,0
3,2,1,0
2,4,1,0
2,0,1,0
3,5,1,0
3,6,1,0
3,6,1,0
2,4,1,0
3,5,1,0
3,5,1,0
3,6,1,0
2,0,1,0
3,2,1,0
2,6,1,0
2,4,1,0
4,0,1,0
3,2,1,0
4,0,1,0
4,0,1,0
3,2,1,0
3,2,1,0
4,4,1,0
2,6,1,0
2,4,1,0
2,3,1,0
3,3,1,0
3,3,1,0
3,4,1,0
3,4,1,0
3,4,1,0
3,4,1,0
4,0,1,0
3,1,1,0
4,2,1,0
4,2,1,0
4,2,1,0
3,5,1,0
3,6,1,0
3,6,1,0
3,6,1,0
3,6,1,0
4,6,1,0
3,4,1,0
4,2,1,0
4,5,1,0
2,6,1,0
3,4,1,0
1,4,1,0
3,3,1,0
3,5,1,0
3,3,1,0
3,4,1,0
4,4,1,0
4,4,1,0
5,4,1,0
4,4,1,0
5,4,1,0
5,4,1,0
3,4,1,0
1,3,1,0
3,4,1,0
5,4,1,0
5,4,1,0
4,6,1,0
5,4,1,0
2,4,1,0
4,4,1,0
3,3,1,0
4,4,1,0
5,2,1,0
4,4,1,0
2,5,1,0
3,3,1,0
4,4,1,0
3,4,1,0
2,2,1,0
4,6,1,0
3,6,1,0
5,4,1,0
4,5,1,0
3,6,1,0
4,4,1,0
3,6,1,0
2,0,1,0
2,4,1,0
3,4,1,0
5,4,1,0
4,4,1,0
3,6,1,0
4,6,1,0
4,4,1,0
2,2,1,0
3,6,1,0
4,5,1,0
3,6,1,0
3,5,1,0
2,0,1,0
2,0,1,0
2,3,1,0
3,6,1,0
3,6,1,0
3,6,1,0
3,6,1,0
3,5,1,0
3,4,1,0
2,0,1,0
2,0,1,0
2,2,1,0
3,6,1,0
2,0,1,0
2,3,1,0
1,0,1,0
3,4,1,0
2,6,1,0
3,5,1,0
2,3,1,0
2,4,1,0
4,4,1,0
2,0,1,0
2,0,1,0
4,4,1,0
3,4,1,0
3,4,1,0
4,4,1,0
4,4,1,0
4,4,1,0
2,4,1,0
3,2,1,0
3,1,1,0
2,4,1,0
3,4,1,0
2,3,1,0
3,4,1,0
1,4,1,0
2,6,1,0
3,4,1,0
4,6,1,0
4,6,1,0
4,6,1,0
4,6,1,0
4,6,1,0
4,6,1,0
4,6,1,0
2,0,1,0
3,0,1,0
2,3,1,0
3,4,1,0
4,6,1,0
2,4,1,0
2,4,1,0
2,4,1,0
5,4,1,0
3,6,1,0
2,4,1,0
2,4,1,0
2,4,1,0
3,6,1,0
3,2,1,0
4,4,1,0
2,5,1,0
2,2,1,0
5,4,1,0
2,3,1,0
2,3,1,0
2,3,1,0
3,3,1,0
2,3,1,0
1,2,1,0
3,3,1,0
3,3,1,0
2,1,1,0
2,3,1,0
3,4,1,0
2,4,1,0
3,4,1,0
4,4,1,0
4,4,1,0
2,3,1,0
3,4,1,0
3,4,1,0
2,4,1,0
3,3,1,0
4,4,1,0
2,3,1,0
2,3,1,0
2,4,1,0
3,4,1,0
2,4,1,0
2,4,1,0
3,6,1,0
3,3,1,0
2,4,1,0
3,3,1,0
3,6,1,0
2,3,1,0
2,6,1,0
2,4,1,0
2,5,1,0
3,2,1,0
2,6,1,0
3,6,1,0
2,5,1,0
3,2,1,0
2,3,1,0
2,4,1,0
3,4,1,0
3,6,1,0
0,3,1,0
2,4,1,0
2,6,1,0
2,4,1,0
2,4,1,0
4,4,1,0
2,4,1,0
3,4,1,0
3,4,1,0
3,4,1,0
2,0,1,0
3,6,1,0
3,4,1,0
2,4,1,0
4,5,1,0
3,2,1,0
3,4,1,0
2,4,1,0
3,4,1,0
4,2,1,0
4,4,1,0
2,0,1,0
2,0,1,0
3,3,1,0
2,0,1,0
2,3,1,0
3,0,1,0
3,0,1,0
2,0,1,0
2,3,1,0
3,2,1,0
3,4,1,0
3,6,1,0
4,2,1,0
3,2,1,0
2,3,1,0
3,4,1,0
2,3,1,0
3,4,1,0
2,4,1,0
3,4,1,0
4,4,1,0
3,4,1,0
4,4,1,0
3,4,1,0
3,4,1,0
3,4,1,0
3,4,1,0
3,4,1,0
2,3,1,0
2,3,1,0
3,3,1,0
3,3,1,0
3,3,1,0
4,4,1,0
3,4,1,0
3,0,1,0
2,3,1,0
3,3,1,0
3,3,1,0
3,3,1,0
3,3,1,0
1,3,1,0
2,0,1,0
2,4,1,0
4,0,1,0
2,3,1,0
2,4,1,0
2,3,1,0
1,3,1,0
3,3,1,0
3,3,1,0
2,4,1,0
3,4,1,0
3,3,1,0
3,2,1,0
3,4,1,0
3,2,1,0
3,3,1,0
3,3,1,0
3,4,1,0
2,4,1,0
2,4,1,0
2,5,1,0
3,4,1,0
3,2,1,0
3,4,1,0
3,0,1,0
4,0,1,0
2,4,1,0
2,5,1,0
1,2,1,0
3,6,1,0
3,4,1,0
4,4,1,0
4,4,1,0
4,4,1,0
4,4,1,0
4,4,1,0
4,4,1,0
3,4,1,0
3,6,1,0
4,4,1,0
3,4,1,0
4,4,1,0
4,4,1,0
3,4,1,0
2,4,1,0
4,4,1,0
3,4,1,0
3,6,1,0
2,3,1,0
4,4,1,0
2,0,1,0
2,0,1,0
2,0,1,0
3,4,1,0
2,4,1,0
2,4,1,0
2,4,1,0
3,4,1,0
3,4,1,0
5,4,1,0
1,0,1,0
3,2,1,0
2,3,1,0
3,4,1,0
2,3,1,0
3,6,1,0
3,4,1,0
2,3,1,0
2,4,1,0
3,4,1,0
3,0,1,0
3,4,1,0
3,4,1,0
3,4,1,0
4,4,1,0
2,4,1,0
2,3,1,0
2,4,1,0
2,3,1,0
3,6,1,0
4,0,1,0
2,3,1,0
3,6,1,0
2,4,1,0
2,2,1,0
3,3,1,0
3,3,1,0
3,3,1,0
2,0,1,0
4,4,1,0
4,4,1,0
2,0,1,0
1,0,1,0
3,3,1,0
1,4,1,0
3,4,1,0
3,6,1,0
4,6,1,0
3,6,1,0
3,4,1,0
1,4,1,0
3,4,1,0
4,5,1,0
4,4,1,0
3,4,1,0
4,4,1,0
3,4,1,0
2,3,1,0
4,0,1,0
4,5,1,0
3,4,1,0
4,4,1,0
3,6,1,0
3,6,1,0
3,6,1,0
3,4,1,0
3,6,1,0
3,6,1,0
2,6,1,0
4,5,1,0
4,4,1,0
4,4,1,0
2,6,1,0
4,4,1,0
4,4,1,0
3,5,1,0
3,5,1,0
3,5,1,0
2,4,1,0
3,4,1,0
3,5,1,0
4,4,1,0
3,5,1,0
3,5,1,0
2,4,1,0
3,4,1,0
3,4,1,0
3,6,1,0
4,4,1,0
3,5,1,0
3,3,1,0
3,2,1,0
2,5,1,0
2,3,1,0
3,4,1,0
3,2,1,0
2,5,1,0
1,0,1,0
2,0,1,0
2,3,1,0
3,6,1,0
3,4,1,0
3,4,1,0
3,6,1,0
2,0,1,0
3,2,1,0
3,4,1,0
2,4,1,0
2,4,1,0
2,6,1,0
3,4,1,0
2,6,1,0
3,6,1,0
2,0,1,0
2,0,1,0
2,4,1,0
1,3,1,0
2,0,1,0
2,3,1,0
4,6,1,0
4,6,1,0
4,6,1,0
4,6,1,0
4,6,1,0
3,6,1,0
3,6,1,0
3,5,1,0
4,6,1,0
3,4,1,0
2,3,1,0
4,6,1,0
4,6,1,0
3,4,1,0
2,3,1,0
3,6,1,0
3,6,1,0
3,5,1,0
2,3,1,0
2,3,1,0
3,4,1,0
2,0,1,0
2,4,1,0
5,4,1,0
3,3,1,0
2,4,1,0
3,3,1,0
3,3,1,0
2,3,1,0
3,5,1,0
4,6,1,0
2,3,1,0
1,3,1,0
3,3,1,0
2,0,1,0
3,4,1,0
3,4,1,0
3,4,1,0
3,3,1,0
3,3,1,0
3,4,1,0
2,4,1,0
5,4,1,0
3,5,1,0
3,6,1,0
3,4,1,0
3,5,1,0
3,0,1,0
3,6,1,0
3,4,1,0
3,3,1,0
3,3,1,0
4,2,1,0
3,3,1,0
2,0,1,0
3,4,1,0
2,4,1,0
3,3,1,0
3,4,1,0
2,3,1,0
2,3,1,0
4,4,1,0
4,4,1,0
4,4,1,0
2,4,1,0
3,1,1,0
3,4,1,0
3,4,1,0
2,4,1,0
3,4,1,0
3,4,1,0
3,5,1,0
3,0,1,0
3,2,1,0
3,3,1,0
3,3,1,0
5,4,1,0
4,4,1,0
2,6,1,0
3,3,1,0
3,3,1,0
3,4,1,0
4,5,1,0
2,6,1,0
2,0,1,0
2,3,1,0
2,3,1,0
4,4,1,0
3,4,1,0
2,3,1,0
2,3,1,0
3,4,1,0
3,4,1,0
2,4,1,0
3,4,1,0
2,3,1,0
3,4,1,0
4,6,1,0
3,6,1,0
3,6,1,0
3,4,1,0
3,3,1,0
3,6,1,0
3,6,1,0
4,6,1,0
4,6,1,0
3,4,1,0
4,4,1,0
2,4,1,0
3,4,1,0
3,4,1,0
2,4,1,0
2,4,1,0
2,4,1,0
2,4,1,0
4,6,1,0
4,6,1,0
4,6,1,0
4,6,1,0
4,6,1,0
4,6,1,0
2,4,1,0
2,4,1,0
4,4,1,0
4,4,1,0
5,4,1,0
3,4,1,0
4,4,1,0
4,6,1,0
2,4,1,0
3,4,1,0
2,4,1,0
3,0,1,0
4,4,1,0
3,0,1,0
3,5,1,0
4,4,1,0
2,3,1,0
3,4,1,0
3,5,1,0
3,4,1,0
4,4,1,0
4,4,1,0
2,3,1,0
2,5,1,0
3,4,1,0
3,4,1,0
2,0,1,0
3,2,1,0
2,0,1,0
3,6,1,0
3,6,1,0
3,6,1,0
5,2,1,0
3,4,1,0
2,4,1,0
2,0,1,0
3,6,1,0
3,6,1,0
3,4,1,0
3,4,1,0
2,4,1,0
3,4,1,0
3,4,1,0
3,3,1,0
4,4,1,0
3,4,1,0
3,4,1,0
3,6,1,0
3,4,1,0
1,4,1,0
1,4,1,0
2,3,1,0
2,3,1,0
2,3,1,0
1,3,1,0
3,6,1,0
2,3,1,0
3,4,1,0
3,4,1,0
1,3,1,0
1,2,1,0
4,4,1,0
2,3,1,0
4,4,1,0
4,4,1,0
3,3,1,0
3,6,1,0
3,5,1,0
3,4,1,0
3,4,1,0
3,4,1,0
3,4,1,0
2,3,1,0
2,3,1,0
2,5,1,0
2,3,1,0
4,5,1,0
3,3,1,0
3,0,1,0
4,0,1,0
3,2,1,0
2,4,1,0
2,6,1,0
3,2,1,0
3,4,1,0
3,4,1,0
3,3,1,0
3,3,1,0
3,5,1,0
3,3,1,0
1,4,1,0
2,0,1,0
2,3,1,0
2,3,1,0
2,6,1,0
3,4,1,0
3,3,1,0
3,1,1,0
4,4,1,0
3,4,1,0
3,1,1,0
3,4,1,0
3,1,1,0
4,4,1,0
4,4,1,0
3,4,1,0
2,3,1,0
3,6,1,0
2,3,1,0
3,3,1,0
3,3,1,0
3,3,1,0
3,3,1,0
4,4,1,0
2,6,1,0
1,5,1,0
3,3,1,0
3,3,1,0
2,3,1,0
2,3,1,0
3,4,1,0
3,4,1,0
3,4,1,0
3,4,1,0
2,0,1,0
3,5,1,0
3,6,1,0
2,3,1,0
2,0,1,0
3,4,1,0
2,0,1,0
2,6,1,0
2,0,1,0
3,4,1,0
3,4,1,0
3,4,1,0
3,3,1,0
2,3,1,0
2,0,1,0
3,4,1,0
3,4,1,0
3,4,1,0
3,4,1,0
3,3,1,0
4,4,1,0
3,4,1,0
3,4,1,0
3,3,1,0
2,4,1,0
3,4,1,0
3,4,1,0
4,4,1,0
2,3,1,0
4,0,1,0
4,4,1,0
2,3,1,0
3,1,1,0
4,0,1,0
3,4,1,0
2,3,1,0
2,0,1,0
2,3,1,0
2,3,1,0
2,3,1,0
2,3,1,0
2,0,1,0
5,0,1,0
5,0,1,0
5,0,1,0
5,0,1,0
5,0,1,0
5,0,1,0
5,0,1,0
5,5,1,0
5,0,1,0
3,4,1,0
3,4,1,0
3,4,1,0
3,4,1,0
3,4,1,0
4,0,1,0
3,6,1,0
2,0,1,0
3,2,1,0
3,4,1,0
2,4,1,0
3,3,1,0
3,4,1,0
3,4,1,0
3,3,1,0
2,4,1,0
3,4,1,0
3,4,1,0
2,3,1,0
2,6,1,0
3,4,1,0
2,3,1,0
3,4,1,0
2,0,1,0
2,5,1,0
3,4,1,0
2,3,1,0
3,4,1,0
2,0,1,0
2,0,1,0
2,0,1,0
3,4,1,0
3,5,1,0
2,3,1,0
2,3,1,0
3,4,1,0
3,5,1,0
3,6,1,0
1,1,1,0
2,3,1,0
2,0,1,0
2,3,1,0
3,3,1,0
3,3,1,0
2,0,1,0
2,0,1,0
2,0,1,0
2,0,1,0
2,0,1,0
2,0,1,0
3,6,1,0
3,4,1,0
2,3,1,0
2,3,1,0
4,4,1,0
3,5,1,0
2,3,1,0
4,4,1,0
4,4,1,0
4,6,1,0
4,4,1,0
4,6,1,0
2,3,1,0
2,4,1,0
3,4,1,0
3,3,1,0
3,3,1,0
3,3,1,0
3,3,1,0
3,4,1,0
3,4,1,0
3,3,1,0
3,4,1,0
3,4,1,0
2,3,1,0
3,4,1,0
3,4,1,0
2,6,1,0
3,4,1,0
3,4,1,0
2,3,1,0
3,4,1,0
3,4,1,0
3,4,1,0
2,0,1,0
2,0,1,0
2,3,1,0
3,4,1,0
2,3,1,0
2,0,1,0
3,4,1,0
3,4,1,0
3,4,1,0
3,4,1,0
2,0,1,0
3,3,1,0
3,6,1,0
2,3,1,0
2,3,1,0
3,4,1,0
3,6,1,0
2,3,1,0
2,3,1,0
2,3,1,0
4,4,1,0
2,4,1,0
3,6,1,0
3,0,1,0
3,4,1,0
3,4,1,0
2,4,1,0
2,4,1,0
2,4,1,0
2,4,1,0
3,5,1,0
3,5,1,0
3,4,1,0
3,4,1,0
2,2,1,0
2,3,1,0
3,3,1,0
3,4,1,0
3,4,1,0
2,3,1,0
2,3,1,0
2,3,1,0
2,3,1,0
2,3,1,0
3,4,1,0
1,5,1,0
2,3,1,0
3,2,1,0
3,5,1,0
3,4,1,0
3,4,1,0
3,4,1,0
3,4,1,0
3,5,1,0
3,5,1,0
3,4,1,0
3,0,1,0
3,6,1,0
3,0,1,0
2,3,1,0
2,6,1,0
3,4,1,0
3,0,1,0
3,3,1,0
3,4,1,0
4,2,1,0
2,4,1,0
2,0,1,0
3,5,1,0
1,4,1,0
2,0,1,0
3,4,1,0
3,4,1,0
3,4,1,0
3,4,1,0
2,3,1,0
3,0,1,0
3,4,1,0
3,0,1,0
3,2,1,0
3,4,1,0
2,3,1,0
2,3,1,0
3,2,1,0
2,3,1,0
3,3,1,0
3,4,1,0
3,3,1,0
3,0,1,0
3,3,1,0
3,6,1,0
3,6,1,0
3,6,1,0
3,4,1,0
2,3,1,0
3,4,1,0
3,6,1,0
3,6,1,0
2,5,1,0
3,6,1,0
2,2,1,0
3,4,1,0
3,4,1,0
2,4,1,0
2,4,1,0
3,4,1,0
3,4,1,0
3,5,1,0
3,4,1,0
2,3,1,0
2,4,1,0
3,4,1,0
3,4,1,0
3,4,1,0
3,4,1,0
3,4,1,0
2,3,1,0
2,4,1,0
3,3,1,0
3,4,1,0
4,4,1,0
3,4,1,0
3,2,1,0
4,4,1,0
4,4,1,0
4,4,1,0
2,4,1,0
2,0,1,0
2,4,1,0
3,4,1,0
3,4,1,0
3,4,1,0
4,4,1,0
4,4,1,0
3,2,1,0
4,4,1,0
4,4,1,0
2,4,1,0
3,4,1,0
4,4,1,0
3,6,1,0
3,6,1,0
3,4,1,0
3,4,1,0
3,6,1,0
3,4,1,0
3,4,1,0
3,4,1,0
3,4,1,0
2,4,1,0
3,4,1,0
3,4,1,0
3,4,1,0
3,4,1,0
3,4,1,0
3,4,1,0
3,4,1,0
3,4,1,0
3,3,1,0
3,4,1,0
4,4,1,0
3,0,1,0
3,6,1,0
3,6,1,0
3,3,1,0
3,4,1,0
3,4,1,0
2,4,1,0
3,4,1,0
4,2,1,0
1,2,1,0
3,4,1,0
2,4,1,0
2,3,1,0
2,3,1,0
2,0,1,0
2,5,1,0
4,4,1,0
4,4,1,0
2,3,1,0
3,0,1,0
4,4,1,0
4,4,1,0
3,4,1,0
3,4,1,0
2,0,1,0
3,4,1,0
3,4,1,0
3,4,1,0
4,4,1,0
4,4,1,0
4,4,1,0
3,4,1,0
3,4,1,0
3,4,1,0
3,3,1,0
2,3,1,0
3,3,1,0
3,4,1,0
3,6,1,0
4,4,1,0
3,4,1,0
3,6,1,0
4,4,1,0
4,4,1,0
4,4,1,0
2,3,1,0
2,3,1,0
2,3,1,0
4,4,1,0
2,4,1,0
4,2,1,0
4,4,1,0
3,4,1,0
3,5,1,0
3,4,1,0
2,6,1,0
3,4,1,0
3,4,1,0
2,4,1,0
4,4,1,0
4,4,1,0
2,4,1,0
3,4,1,0
4,4,1,0
3,4,1,0
3,4,1,0
4,4,1,0
3,4,1,0
2,3,1,0
1,3,1,0
3,4,1,0
3,2,1,0
3,4,1,0
3,4,1,0
2,4,1,0
1,3,1,0
3,6,1,0
3,6,1,0
3,6,1,0
3,6,1,0
4,6,1,0
2,4,1,0
3,6,1,0
4,6,1,0
4,4,1,0
3,2,1,0
4,4,1,0
3,4,1,0
2,0,1,0
2,0,1,0
3,3,1,0
3,3,1,0
4,4,1,0
3,4,1,0
3,3,1,0
4,4,1,0
3,3,1,0
3,2,1,0
3,4,1,0
4,4,1,0
3,3,1,0
3,3,1,0
3,4,1,0
4,4,1,0
3,4,1,0
3,4,1,0
3,4,1,0
3,3,1,0
3,4,1,0
2,4,1,0
3,4,1,0
3,6,1,0
3,3,1,0
3,4,1,0
3,6,1,0
3,4,1,0
3,6,1,0
3,6,1,0
2,4,1,0
2,4,1,0
3,4,1,0
3,4,1,0
3,4,1,0
3,4,1,0
3,4,1,0
4,4,1,0
3,4,1,0
3,4,1,0
2,4,1,0
3,4,1,0
3,4,1,0
2,4,1,0
2,4,1,0
0,3,1,0
3,6,1,0
3,4,1,0
2,3,1,0
3,3,1,0
2,4,1,0
3,4,1,0
4,4,1,0
3,4,1,0
3,4,1,0
3,4,1,0
4,4,1,0
4,4,1,0
3,6,1,0
3,6,1,0
3,6,1,0
3,6,1,0
4,4,1,0
4,4,1,0
3,4,1,0
5,4,1,0
5,4,1,0
4,3,1,0
3,3,1,0
3,3,1,0
3,3,1,0
3,3,1,0
2,3,1,0
4,4,1,0
1,4,1,0
3,4,1,0
3,4,1,0
3,4,1,0
3,3,1,0
1,3,1,0
2,3,1,0
2,3,1,0
3,4,1,0
3,4,1,0
2,6,1,0
4,2,1,0
5,4,1,0
5,4,1,0
2,6,1,0
3,4,1,0
3,4,1,0
3,4,1,0
3,4,1,0
3,3,1,0
2,3,1,0
4,6,1,0
4,6,1,0
3,4,1,0
2,3,1,0
3,6,1,0
4,4,1,0
4,6,1,0
5,4,1,0
4,4,1,0
1,4,1,0
3,4,1,0
3,0,1,0
3,6,1,0
2,4,1,0
3,0,1,0
2,4,1,0
3,4,1,0
4,4,1,0
2,3,1,0
3,4,1,0
4,2,1,0
3,3,1,0
3,4,1,0
3,4,1,0
2,3,1,0
3,4,1,0
3,4,1,0
4,4,1,0
2,3,1,0
3,4,1,0
3,4,1,0
3,5,1,0
2,3,1,0
4,4,1,0
3,4,1,0
3,3,1,0
2,4,1,0
3,4,1,0
4,4,1,0
3,4,1,0
2,3,1,0
3,4,1,0
3,4,1,0
1,4,1,0
4,4,1,0
3,3,1,0
3,4,1,0
2,3,1,0
3,4,1,0
2,3,1,0
3,4,1,0
4,3,1,0
3,0,1,0
2,3,1,0
3,0,1,0
2,3,1,0
2,4,1,0
2,4,1,0
3,6,1,0
3,6,1,0
3,4,1,0
2,4,1,0
3,4,1,0
3,4,1,0
3,4,1,0
3,4,1,0
4,4,1,0
3,4,1,0
3,4,1,0
3,4,1,0
3,4,1,0
3,4,1,0
4,4,1,0
3,4,1,0
2,4,1,0
3,4,1,0
3,4,1,0
3,5,0,1
4,4,0,1
2,3,0,1
1,3,0,1
3,4,0,1
2,3,0,1
3,3,0,1
2,3,0,1
3,3,0,1
4,5,0,1
4,2,0,1
2,0,0,1
3,4,0,1
3,4,0,1
3,4,0,1
2,4,0,1
3,4,0,1
2,3,0,1
3,0,0,1
4,4,0,1
3,4,0,1
2,3,0,1
2,3,0,1
2,0,0,1
3,0,0,1
2,3,0,1
2,3,0,1
2,3,0,1
4,2,0,1
4,2,0,1
2,4,0,1
2,3,0,1
2,4,0,1
2,3,0,1
2,5,0,1
2,0,0,1
2,0,0,1
4,4,0,1
2,0,0,1
1,3,0,1
3,0,0,1
3,4,0,1
2,4,0,1
2,5,0,1
2,0,0,1
3,5,0,1
2,5,0,1
2,5,0,1
2,5,0,1
2,3,0,1
3,2,0,1
2,3,0,1
3,3,0,1
2,0,0,1
3,3,0,1
2,4,0,1
3,3,0,1
3,2,0,1
4,5,0,1
1,3,0,1
2,4,0,1
2,4,0,1
1,0,0,1
3,0,0,1
2,5,0,1
2,2,0,1
1,4,0,1
2,3,0,1
2,4,0,1
2,5,0,1
2,4,0,1
2,5,0,1
3,5,0,1
3,5,0,1
2,0,0,1
3,0,0,1
2,3,0,1
2,5,0,1
2,3,0,1
2,2,0,1
3,4,0,1
2,5,0,1
2,4,0,1
4,5,0,1
2,3,0,1
2,3,0,1
2,3,0,1
2,5,0,1
2,2,0,1
2,5,0,1
3,2,0,1
3,5,0,1
2,3,0,1
2,3,0,1
1,0,0,1
2,0,0,1
2,4,0,1
2,4,0,1
3,3,0,1
2,3,0,1
1,0,0,1
2,5,0,1
2,0,0,1
2,4,0,1
2,3,0,1
3,4,0,1
2,5,0,1
3,0,0,1
2,2,0,1
2,0,0,1
2,3,0,1
2,0,0,1
3,0,0,1
2,0,0,1
2,2,0,1
1,3,0,1
3,4,0,1
2,3,0,1
2,5,0,1
2,3,0,1
3,5,0,1
3,4,0,1
3,2,0,1
3,5,0,1
2,0,0,1
2,5,0,1
2,0,0,1
2,0,0,1
2,4,0,1
3,4,0,1
2,3,0,1
2,5,0,1
2,0,0,1
2,0,0,1
3,5,0,1
2,5,0,1
3,0,0,1
3,2,0,1
3,5,0,1
3,0,0,1
3,3,0,1
2,3,0,1
3,0,0,1
2,3,0,1
2,3,0,1
2,3,0,1
2,0,0,1
2,3,0,1
2,3,0,1
4,2,0,1
2,5,0,1
2,4,0,1
2,4,0,1
2,4,0,1
3,5,0,1
3,3,0,1
2,0,0,1
2,0,0,1
2,4,0,1
2,3,0,1
2,3,0,1
2,0,0,1
2,0,0,1
3,2,0,1
2,5,0,1
3,2,0,1
2,4,0,1
2,3,0,1
2,0,0,1
3,5,0,1
3,4,0,1
3,4,0,1
1,0,0,1
2,3,0,1
2,3,0,1
2,4,0,1
2,4,0,1
2,4,0,1
2,4,0,1
2,3,0,1
3,3,0,1
2,3,0,1
1,5,0,1
3,5,0,1
2,3,0,1
2,3,0,1
2,4,0,1
2,3,0,1
1,3,0,1
3,3,0,1
2,0,0,1
1,3,0,1
3,5,0,1
3,5,0,1
3,2,0,1
2,5,0,1
2,5,0,1
2,5,0,1
3,4,0,1
2,3,0,1
2,0,0,1
2,0,0,1
2,0,0,1
2,3,0,1
2,3,0,1
3,3,0,1
2,4,0,1
2,4,0,1
2,3,0,1
2,4,0,1
2,0,0,1
2,0,0,1
3,4,0,1
2,3,0,1
2,5,0,1
2,5,0,1
2,4,0,1
2,4,0,1
3,5,0,1
4,4,0,1
1,3,0,1
4,2,0,1
2,0,0,1
2,5,0,1
2,4,0,1
3,4,0,1
4,2,0,1
4,2,0,1
2,4,0,1
2,0,0,1
4,2,0,1
3,2,0,1
3,4,0,1
3,2,0,1
2,2,0,1
3,0,0,1
2,4,0,1
2,0,0,1
2,2,0,1
2,5,0,1
2,4,0,1
3,5,0,1
2,0,0,1
2,2,0,1
3,2,0,1
1,4,0,1
3,5,0,1
3,0,0,1
2,2,0,1
3,5,0,1
2,4,0,1
4,4,0,1
3,5,0,1
3,0,0,1
2,4,0,1
3,3,0,1
3,3,0,1
3,3,0,1
3,3,0,1
3,3,0,1
3,3,0,1
2,0,0,1
3,2,0,1
3,0,0,1
4,2,0,1
4,2,0,1
3,2,0,1
2,3,0,1
2,0,0,1
3,5,0,1
3,2,0,1
3,2,0,1
3,5,0,1
2,2,0,1
2,4,0,1
3,5,0,1
2,0,0,1
2,5,0,1
2,3,0,1
2,0,0,1
4,5,0,1
2,5,0,1
1,3,0,1
2,2,0,1
2,5,0,1
2,2,0,1
4,2,0,1
1,2,0,1
5,4,0,1
3,5,0,1
3,5,0,1
3,0,0,1
3,5,0,1
2,5,0,1
2,2,0,1
2,3,0,1
3,0,0,1
3,5,0,1
3,5,0,1
5,2,0,1
4,5,0,1
3,5,0,1
4,0,0,1
2,5,0,1
4,5,0,1
2,2,0,1
2,2,0,1
3,0,0,1
3,0,0,1
4,0,0,1
2,0,0,1
4,0,0,1
2,0,0,1
3,0,0,1
3,5,0,1
3,0,0,1
2,2,0,1
2,0,0,1
2,2,0,1
2,3,0,1
2,3,0,1
3,5,0,1
3,2,0,1
2,2,0,1
2,3,0,1
2,4,0,1
3,2,0,1
2,4,0,1
3,0,0,1
3,0,0,1
3,4,0,1
3,2,0,1
3,0,0,1
3,0,0,1
2,0,0,1
2,4,0,1
3,4,0,1
2,0,0,1
3,0,0,1
4,2,0,1
3,0,0,1
4,2,0,1
2,0,0,1
2,5,0,1
3,0,0,1
3,0,0,1
3,0,0,1
4,0,0,1
2,5,0,1
3,2,0,1
2,2,0,1
3,4,0,1
3,4,0,1
3,0,0,1
2,0,0,1
4,2,0,1
4,0,0,1
3,2,0,1
2,5,0,1
3,0,0,1
4,5,0,1
3,5,0,1
3,2,0,1
3,0,0,1
3,0,0,1
3,2,0,1
2,3,0,1
4,2,0,1
3,2,0,1
3,0,0,1
3,0,0,1
3,0,0,1
3,0,0,1
2,5,0,1
2,0,0,1
3,4,0,1
3,2,0,1
2,2,0,1
4,4,0,1
4,0,0,1
3,0,0,1
2,0,0,1
3,5,0,1
2,2,0,1
2,2,0,1
4,2,0,1
3,5,0,1
4,2,0,1
2,2,0,1
2,0,0,1
4,5,0,1
2,3,0,1
3,5,0,1
3,5,0,1
2,0,0,1
3,0,0,1
4,0,0,1
3,2,0,1
4,5,0,1
3,2,0,1
3,4,0,1
3,5,0,1
3,0,0,1
3,5,0,1
3,5,0,1
2,5,0,1
3,5,0,1
3,5,0,1
3,0,0,1
3,5,0,1
4,0,0,1
5,4,0,1
3,0,0,1
2,5,0,1
2,4,0,1
2,2,0,1
4,2,0,1
2,3,0,1
3,2,0,1
3,2,0,1
2,0,0,1
2,3,0,1
3,2,0,1
3,0,0,1
3,0,0,1
2,5,0,1
3,2,0,1
3,2,0,1
4,2,0,1
3,0,0,1
1,0,0,1
3,0,0,1
2,0,0,1
2,3,0,1
4,2,0,1
2,0,0,1
2,0,0,1
3,4,0,1
2,3,0,1
3,0,0,1
2,3,0,1
4,0,0,1
4,3,0,1
2,3,0,1
4,5,0,1
2,3,0,1
4,3,0,1
3,2,0,1
3,2,0,1
2,2,0,1
3,0,0,1
4,5,0,1
2,4,0,1
3,2,0,1
2,2,0,1
3,5,0,1
2,2,0,1
3,2,0,1
3,2,0,1
3,5,0,1
2,5,0,1
5,5,0,1
3,2,0,1
4,0,0,1
4,2,0,1
4,2,0,1
3,2,0,1
2,0,0,1
2,0,0,1
3,0,0,1
3,0,0,1
3,0,0,1
3,0,0,1
3,5,0,1
4,2,0,1
2,4,0,1
5,2,0,1
2,4,0,1
2,0,0,1
4,2,0,1
0,2,0,1
3,4,0,1
2,5,0,1
2,2,0,1
2,4,0,1
3,5,0,1
2,5,0,1
3,2,0,1
3,2,0,1
3,5,0,1
2,0,0,1
2,0,0,1
3,2,0,1
3,0,0,1
2,2,0,1
3,5,0,1
2,0,0,1
2,5,0,1
3,5,0,1
2,0,0,1
3,2,0,1
2,5,0,1
5,5,0,1
2,0,0,1
2,0,0,1
3,4,0,1
2,2,0,1
2,2,0,1
3,2,0,1
4,0,0,1
3,2,0,1
3,2,0,1
4,2,0,1
4,2,0,1
3,4,0,1
3,4,0,1
5,2,0,1
3,5,0,1
2,0,0,1
5,2,0,1
3,4,0,1
3,5,0,1
4,4,0,1
4,4,0,1
4,5,0,1
4,5,0,1
4,2,0,1
4,5,0,1
3,2,0,1
3,0,0,1
4,0,0,1
2,0,0,1
3,0,0,1
3,0,0,1
4,2,0,1
4,2,0,1
2,0,0,1
3,2,0,1
0,0,0,1
3,2,0,1
2,4,0,1
3,5,0,1
2,4,0,1
2,0,0,1
2,0,0,1
2,0,0,1
2,0,0,1
2,4,0,1
3,4,0,1
3,5,0,1
2,0,0,1
3,5,0,1
2,0,0,1
2,0,0,1
3,2,0,1
3,0,0,1
3,5,0,1
2,0,0,1
3,2,0,1
4,2,0,1
2,4,0,1
2,0,0,1
3,2,0,1
2,2,0,1
3,0,0,1
3,0,0,1
2,0,0,1
3,5,0,1
3,2,0,1
3,0,0,1
3,0,0,1
3,5,0,1
3,0,0,1
3,0,0,1
2,3,0,1
2,2,0,1
2,2,0,1
3,0,0,1
2,2,0,1
3,0,0,1
3,2,0,1
2,2,0,1
2,0,0,1
2,0,0,1
3,4,0,1
3,2,0,1
2,2,0,1
3,3,0,1
3,3,0,1
3,0,0,1
3,4,0,1
3,2,0,1
3,4,0,1
2,5,0,1
1,2,0,1
3,0,0,1
3,0,0,1
1,0,0,1
2,4,0,1
2,4,0,1
3,2,0,1
2,2,0,1
2,2,0,1
2,2,0,1
4,0,0,1
4,0,0,1
3,5,0,1
4,0,0,1
2,3,0,1
5,4,0,1
4,2,0,1
2,4,0,1
3,4,0,1
2,4,0,1
2,4,0,1
2,3,0,1
2,0,0,1
3,2,0,1
3,2,0,1
3,5,0,1
3,0,0,1
1,3,0,1
3,2,0,1
2,3,0,1
3,2,0,1
3,0,0,1
3,5,0,1
4,2,0,1
3,4,0,1
3,0,0,1
3,4,0,1
2,4,0,1
2,2,0,1
3,5,0,1
2,5,0,1
3,0,0,1
2,4,0,1
2,4,0,1
3,5,0,1
2,0,0,1
2,5,0,1
2,0,0,1
2,0,0,1
2,0,0,1
3,2,0,1
2,3,0,1
2,3,0,1
2,5,0,1
2,5,0,1
3,5,0,1
2,3,0,1
3,5,0,1
2,5,0,1
3,5,0,1
1,0,0,1
2,0,0,1
2,0,0,1
2,3,0,1
2,3,0,1
4,3,0,1
3,5,0,1
2,2,0,1
2,4,0,1
2,2,0,1
2,4,0,1
2,2,0,1
4,5,0,1
2,3,0,1
1,2,0,1
4,2,0,1
3,4,0,1
2,0,0,1
2,3,0,1
2,0,0,1
3,4,0,1
2,5,0,1
2,0,0,1
2,0,0,1
4,0,0,1
3,5,0,1
1,3,0,1
3,5,0,1
2,5,0,1
3,5,0,1
3,5,0,1
2,0,0,1
2,0,0,1
3,0,0,1
3,0,0,1
2,2,0,1
3,0,0,1
2,5,0,1
2,2,0,1
2,3,0,1
2,2,0,1
3,5,0,1
2,2,0,1
3,5,0,1
2,3,0,1
2,3,0,1
2,0,0,1
2,0,0,1
3,5,0,1
2,0,0,1
2,2,0,1
2,3,0,1
2,2,0,1
2,3,0,1
2,0,0,1
2,2,0,1
2,5,0,1
0,3,0,1
2,3,0,1
2,0,0,1
2,0,0,1
2,0,0,1
3,2,0,1
3,2,0,1
3,2,0,1
2,0,0,1
3,2,0,1
3,0,0,1
3,2,0,1
3,2,0,1
1,4,0,1
1,2,0,1
2,3,0,1
2,3,0,1
2,2,0,1
3,2,0,1
3,2,0,1
2,0,0,1
2,4,0,1
2,3,0,1
2,4,0,1
2,0,0,1
3,5,0,1
2,4,0,1
2,5,0,1
2,0,0,1
2,3,0,1
2,0,0,1
2,0,0,1
2,0,0,1
2,5,0,1
1,3,0,1
2,2,0,1
3,2,0,1
2,2,0,1
2,2,0,1
3,3,0,1
2,3,0,1
2,2,0,1
2,3,0,1
2,4,0,1
2,2,0,1
2,3,0,1
2,3,0,1
3,0,0,1
2,0,0,1
2,0,0,1
3,2,0,1
2,0,0,1
2,2,0,1
2,2,0,1
2,0,0,1
3,2,0,1
3,4,0,1
2,4,0,1
3,2,0,1
3,2,0,1
2,0,0,1
2,0,0,1
2,3,0,1
2,0,0,1
3,0,0,1
3,3,0,1
3,3,0,1
2,3,0,1
2,3,0,1
2,0,0,1
2,0,0,1
2,0,0,1
3,2,0,1
2,0,0,1
3,0,0,1
3,0,0,1
2,0,0,1
2,4,0,1
3,3,0,1
2,3,0,1
3,3,0,1
2,0,0,1
2,0,0,1
3,0,0,1
3,0,0,1
2,3,0,1
3,3,0,1
3,3,0,1
2,2,0,1
2,3,0,1
3,3,0,1
2,3,0,1
2,3,0,1
2,3,0,1
2,3,0,1
2,0,0,1
2,0,0,1
3,0,0,1
3,0,0,1
2,0,0,1
3,4,0,1
2,0,0,1
3,3,0,1
2,2,0,1
3,2,0,1
2,0,0,1
2,0,0,1
4,2,0,1
3,2,0,1
3,2,0,1
2,3,0,1
2,2,0,1
4,2,0,1
3,0,0,1
3,5,0,1
4,2,0,1
4,2,0,1
4,2,0,1
2,0,0,1
3,2,0,1
2,2,0,1
3,2,0,1
2,0,0,1
1,4,0,1
3,0,0,1
2,0,0,1
3,2,0,1
3,2,0,1
2,3,0,1
2,0,0,1
2,3,0,1
4,2,0,1
2,2,0,1
2,2,0,1
2,2,0,1
2,5,0,1
4,2,0,1
2,5,0,1
5,2,0,1
3,2,0,1
1,2,0,1
3,2,0,1
0,0,0,1
1,0,0,1
2,0,0,1
2,3,0,1
4,4,0,1
4,4,0,1
4,2,0,1
2,3,0,1
4,2,0,1
2,3,0,1
3,0,0,1
2,4,0,1
3,5,0,1
2,4,0,1
2,4,0,1
3,2,0,1
2,4,0,1
2,4,0,1
2,5,0,1
2,5,0,1
2,0,0,1
3,2,0,1
3,2,0,1
4,2,0,1
3,2,0,1
4,5,0,1
4,2,0,1
3,2,0,1
2,3,0,1
3,4,0,1
2,2,0,1
2,3,0,1
2,3,0,1
2,3,0,1
3,2,0,1
3,2,0,1
3,2,0,1
3,2,0,1
3,2,0,1
2,3,0,1
1,5,0,1
4,2,0,1
4,5,0,1
4,5,0,1
1,2,0,1
3,2,0,1
3,0,0,1
2,3,0,1
2,0,0,1
3,2,0,1
3,0,0,1
2,3,0,1
3,0,0,1
2,2,0,1
3,2,0,1
4,2,0,1
3,3,0,1
2,2,0,1
2,5,0,1
2,3,0,1
3,0,0,1
2,3,0,1
3,3,0,1
3,3,0,1
4,2,0,1
3,3,0,1
4,2,0,1
0,3,0,1
2,2,0,1
4,2,0,1
4,2,0,1
4,2,0,1
4,2,0,1
2,0,0,1
2,4,0,1
3,2,0,1
3,0,0,1
3,2,0,1
3,4,0,1
3,5,0,1
3,2,0,1
4,2,0,1
3,2,0,1
3,2,0,1
2,3,0,1
3,4,0,1
3,0,0,1
3,2,0,1
2,5,0,1
3,0,0,1
3,2,0,1
3,4,0,1
2,2,0,1
4,5,0,1
3,5,0,1
1,0,0,1
2,2,0,1
4,2,0,1
2,2,0,1
2,2,0,1
3,4,0,1
2,2,0,1
2,2,0,1
3,2,0,1
3,2,0,1
1,2,0,1
4,4,0,1
2,4,0,1
4,2,0,1
4,2,0,1
4,0,0,1
4,0,0,1
4,4,0,1
4,2,0,1
4,2,0,1
4,4,0,1
4,2,0,1
4,2,0,1
4,2,0,1
4,4,0,1
4,2,0,1
4,2,0,1
3,4,0,1
2,4,0,1
3,4,0,1
3,4,0,1
4,3,0,1
2,5,0,1
3,2,0,1
2,5,0,1
2,3,0,1
3,5,0,1
3,2,0,1
3,5,0,1
4,5,0,1
2,0,0,1
3,2,0,1
2,2,0,1
3,2,0,1
3,2,0,1
4,2,0,1
2,2,0,1
4,2,0,1
2,4,0,1
2,4,0,1
2,0,0,1
4,4,0,1
2,2,0,1
3,2,0,1
2,2,0,1
3,2,0,1
3,2,0,1
2,2,0,1
3,2,0,1
4,2,0,1
2,4,0,1
2,0,0,1
3,2,0,1
2,0,0,1
2,4,0,1
3,3,0,1
2,4,0,1
2,0,0,1
3,5,0,1
4,4,0,1
4,4,0,1
3,2,0,1
3,2,0,1
4,2,0,1
4,2,0,1
4,2,0,1
4,2,0,1
2,5,0,1
4,2,0,1
4,2,0,1
4,2,0,1
4,5,0,1
2,0,0,1
4,2,0,1
3,5,0,1
2,3,0,1
3,3,0,1
3,5,0,1
3,5,0,1
4,2,0,1
3,6,0,1
3,6,0,1
2,2,0,1
3,4,0,1
3,4,0,1
2,2,0,1
3,4,0,1
4,5,0,1
3,3,0,1
3,2,0,1
2,3,0,1
3,0,0,1
4,5,0,1
4,2,0,1
4,5,0,1
2,3,0,1
3,5,0,1
3,0,0,1
4,5,0,1
4,5,0,1
2,3,0,1
4,2,0,1
3,5,0,1
2,3,0,1
3,5,0,1
3,5,0,1
4,2,0,1
3,4,0,1
3,5,0,1
3,3,0,1
2,5,0,1
3,2,0,1
3,2,0,1
2,5,0,1
2,0,0,1
2,4,0,1
4,2,0,1
3,0,0,1
3,0,0,1
4,4,0,1
2,0,0,1
4,0,0,1
4,4,0,1
3,5,0,1
5,2,0,1
3,4,0,1
3,2,0,1
3,2,0,1
3,2,0,1
4,2,0,1
4,2,0,1
4,2,0,1
2,4,0,1
4,2,0,1
2,3,0,1
3,0,0,1
3,4,0,1
2,3,0,1
4,5,0,1
3,2,0,1
2,4,0,1
2,4,0,1
4,4,0,1
3,2,0,1
4,4,0,1
3,4,0,1
3,2,0,1
3,4,0,1
2,0,0,1
4,2,0,1
3,2,0,1
4,0,0,1
4,0,0,1
5,0,0,1
3,4,0,1
3,2,0,1
4,2,0,1
3,3,0,1
2,5,0,1
3,3,0,1
2,5,0,1
4,0,0,1
2,5,0,1
3,5,0,1
3,2,0,1
3,4,0,1
3,2,0,1
3,2,0,1
2,4,0,1
3,2,0,1
4,2,0,1
2,3,0,1
3,0,0,1
3,5,0,1
4,4,0,1
3,2,0,1
3,5,0,1
3,4,0,1
3,2,0,1
3,2,0,1
3,2,0,1
3,2,0,1
2,2,0,1
5,2,0,1
3,2,0,1
3,2,0,1
3,0,0,1
1,2,0,1
4,2,0,1
3,4,0,1
3,3,0,1
2,0,0,1
3,0,0,1
3,2,0,1
2,3,0,1
4,2,0,1
4,5,0,1
4,2,0,1
3,4,0,1
3,2,0,1
3,2,0,1
2,0,0,1
3,0,0,1
3,4,0,1
3,5,0,1
3,2,0,1
3,5,0,1
2,5,0,1
3,5,0,1
3,0,0,1
4,2,0,1
3,4,0,1
3,2,0,1
4,2,0,1
3,4,0,1
2,0,0,1
3,2,0,1
3,3,0,1
2,0,0,1
4,4,0,1
4,4,0,1
3,5,0,1
2,0,0,1
4,2,0,1
3,5,0,1
4,5,0,1
2,2,0,1
2,2,0,1
2,0,0,1
2,0,0,1
4,2,0,1
3,4,0,1
3,2,0,1
3,2,0,1
3,5,0,1
3,2,0,1
3,4,0,1
3,4,0,1
3,3,0,1
1,3,0,1
4,2,0,1
2,3,0,1
3,5,0,1
3,5,0,1
2,2,0,1
3,2,0,1
2,3,0,1
2,4,0,1
3,4,0,1
2,3,0,1
3,4,0,1
2,4,0,1
1,3,0,1
3,4,0,1
2,3,0,1
4,4,0,1
2,3,0,1
3,3,0,1
3,4,0,1
3,0,0,1
3,2,0,1
3,5,0,1
3,0,0,1
3,2,0,1
4,2,0,1
5,2,0,1
2,0,0,1
4,4,0,1
4,4,0,1
4,4,0,1
2,0,0,1
4,4,0,1
4,4,0,1
3,2,0,1
2,5,0,1
3,2,0,1
3,2,0,1
3,2,0,1
3,5,0,1
3,4,0,1
3,5,0,1
3,5,0,1
3,2,0,1
3,0,0,1
3,0,0,1
3,0,0,1
3,2,0,1
3,0,0,1
2,0,0,1
2,0,0,1
2,5,0,1
4,4,0,1
2,5,0,1
3,5,0,1
2,3,0,1
2,5,0,1
1,2,0,1
3,2,0,1
1,4,0,1
3,5,0,1
3,2,0,1
1,3,0,1
1,2,0,1
2,0,0,1
2,0,0,1
3,2,0,1
2,0,0,1
3,3,0,1
2,2,0,1
2,3,0,1
2,2,0,1
3,4,0,1
3,2,0,1
3,2,0,1
2,0,0,1
2,3,0,1
2,3,0,1
2,2,0,1
2,3,0,1
2,0,0,1
3,4,0,1
3,3,0,1
3,3,0,1
2,0,0,1
1,3,0,1
2,0,0,1
1,3,0,1
3,2,0,1
3,5,0,1
3,5,0,1
3,2,0,1
3,4,0,1
5,2,0,1
3,2,0,1
3,2,0,1
2,3,0,1
2,0,0,1
3,0,0,1
3,3,0,1
1,2,0,1
3,3,0,1
3,3,0,1
4,2,0,1
3,5,0,1
3,5,0,1
3,2,0,1
3,0,0,1
2,2,0,1
2,0,0,1
3,4,0,1
2,2,0,1
2,5,0,1
2,5,0,1
2,2,0,1
3,0,0,1
3,2,0,1
1,3,0,1
3,0,0,1
2,3,0,1
2,3,0,1
3,2,0,1
3,2,0,1
0,3,0,1
3,3,0,1
3,3,0,1
3,2,0,1
2,4,0,1
2,3,0,1
2,3,0,1
2,0,0,1
1,2,0,1
2,0,0,1
2,3,0,1
2,3,0,1
3,2,0,1
2,3,0,1
3,4,0,1
3,4,0,1
3,4,0,1
3,4,0,1
3,2,0,1
3,4,0,1
3,0,0,1
2,0,0,1
3,4,0,1
2,2,0,1
4,5,0,1
3,4,0,1
3,4,0,1
3,4,0,1
3,4,0,1
2,5,0,1
3,4,0,1
3,4,0,1
2,3,0,1
3,5,0,1
2,0,0,1
2,3,0,1
3,2,0,1
2,3,0,1
2,3,0,1
2,3,0,1
3,5,0,1
3,5,0,1
3,5,0,1
3,5,0,1
3,5,0,1
2,2,0,1
3,2,0,1
2,2,0,1
2,3,0,1
2,3,0,1
2,3,0,1
2,0,0,1
3,2,0,1
2,3,0,1
2,3,0,1
2,5,0,1
2,4,0,1
2,4,0,1
3,4,0,1
2,3,0,1
2,0,0,1
2,3,0,1
1,3,0,1
3,1,0,1
2,0,0,1
2,3,0,1
3,5,0,1
3,3,0,1
1,3,0,1
2,0,0,1
3,4,0,1
2,0,0,1
2,3,0,1
0,3,0,1
2,4,0,1
2,3,0,1
3,4,0,1
3,5,0,1
3,2,0,1
3,2,0,1
2,3,0,1
2,3,0,1
2,3,0,1
2,3,0,1
2,3,0,1
2,3,0,1
2,3,0,1
2,4,0,1
2,0,0,1
3,2,0,1
2,4,0,1
2,5,0,1
2,4,0,1
2,3,0,1
3,5,0,1
2,5,0,1
2,4,0,1
4,2,0,1
3,2,0,1
2,3,0,1
2,3,0,1
3,2,0,1
5,5,0,1
3,4,0,1
4,5,0,1
3,5,0,1
3,5,0,1
4,2,0,1
3,5,0,1
3,3,0,1
3,4,0,1
3,5,0,1
2,0,0,1
2,5,0,1
2,5,0,1
2,5,0,1
4,2,0,1
2,5,0,1
2,3,0,1
2,5,0,1
2,5,0,1
3,5,0,1
1,3,0,1
3,5,0,1
3,5,0,1
3,2,0,1
2,2,0,1
2,0,0,1
2,5,0,1
2,5,0,1
3,4,0,1
3,2,0,1
4,5,0,1
3,0,0,1
3,0,0,1
2,0,0,1
2,4,0,1
2,2,0,1
4,2,0,1
2,5,0,1
2,2,0,1
3,0,0,1
3,3,0,1
2,5,0,1
2,5,0,1
2,0,0,1
5,2,0,1
4,2,0,1
4,5,0,1
4,2,0,1
2,4,0,1
3,2,0,1
3,2,0,1
3,3,0,1
2,4,0,1
2,2,0,1
4,2,0,1
3,5,0,1
1,3,0,1
3,2,0,1
3,3,0,1
2,5,0,1
2,5,0,1
4,5,0,1
1,3,0,1
4,5,0,1
0,3,0,1
2,0,0,1
2,2,0,1
3,4,0,1
2,3,0,1
2,0,0,1
2,0,0,1
4,4,0,1
0,3,0,1
2,4,0,1
1,3,0,1
2,4,0,1
1,4,0,1
2,2,0,1
1,2,0,1
2,2,0,1
2,2,0,1
2,2,0,1
2,2,0,1
3,2,0,1
3,4,0,1
2,2,0,1
2,2,0,1
2,0,0,1
4,5,0,1
3,5,0,1
2,0,0,1
3,2,0,1
3,3,0,1
3,2,0,1
2,2,0,1
2,3,0,1
2,3,0,1
3,4,0,1
3,4,0,1
0,3,0,1
3,2,0,1
3,4,0,1
3,4,0,1
2,5,0,1
3,5,0,1
2,2,0,1
3,2,0,1
3,4,0,1
3,3,0,1
2,5,0,1
3,5,0,1
2,4,0,1
2,3,0,1
3,5,0,1
1,3,0,1
2,5,0,1
2,4,0,1
3,5,0,1
2,5,0,1
3,5,0,1
3,5,0,1
3,4,0,1
3,3,0,1
3,2,0,1
2,3,0,1
3,5,0,1
2,0,0,1
4,2,0,1
3,5,0,1
3,3,0,1
3,2,0,1
2,4,0,1
2,5,0,1
3,2,0,1
4,2,0,1
3,3,0,1
3,2,0,1
4,2,0,1
3,4,0,1
2,5,0,1
2,2,0,1
2,0,0,1
5,5,0,1
2,3,0,1
2,3,0,1
3,3,0,1
2,3,0,1
3,3,0,1
4,2,0,1
2,3,0,1
3,3,0,1
2,3,0,1
2,3,0,1
2,3,0,1
2,3,0,1
2,2,0,1
2,2,0,1
2,2,0,1
3,2,0,1
3,4,0,1
2,2,0,1
2,5,0,1
3,2,0,1
3,4,0,1
3,2,0,1
2,3,0,1
3,4,0,1
3,4,0,1
3,2,0,1
3,4,0,1
3,4,0,1
3,3,0,1
2,2,0,1
3,2,0,1
2,2,0,1
2,2,0,1
2,4,0,1
4,5,0,1
3,4,0,1
3,5,0,1
3,2,0,1
3,4,0,1
2,3,0,1
3,5,0,1
3,3,0,1
3,5,0,1
3,5,0,1
2,3,0,1
3,2,0,1
3,5,0,1
2,3,0,1
3,4,0,1
